Family	Mean	P_value_F	P_value_W	P_adjust_W	P_value_T	P_adjust_T
67-14	31.9382617958319	0.347583567890637	3.64667105328524e-35	2.224469342504e-33	1.37047280669327e-25	8.90807324350626e-24
A21b	28.4510830180321	0.424275795541359	4.6897237355585e-10	5.6276684826702e-09	0.000887325685826244	0.0105610676285928
A4b	29.8134633595912	0.402942183381369	2.18737154025936e-15	5.24969169662246e-14	7.16781743009e-10	1.7202761832216e-08
Acidobacteriaceae_(Subgroup_1)	30.461366706327	0.391327591527942	8.00642005459191e-19	2.56205441746941e-17	1.35270564680194e-13	4.4639286344464e-12
Acidobacteriae_fa	30.4710948189774	0.397164400356853	4.75992584081013e-17	1.28517997701874e-15	6.41655887340703e-13	1.92496766202211e-11
Acidothermaceae	28.6491920813524	0.41902081249863	2.9885936089014e-11	4.78174977424224e-10	0.000168497692037218	0.00219046999648383
AKYH767	27.8310848364967	0.447036988941937	9.33674357699088e-06	4.66837178849544e-05	0.0603494818295314	0.301747409147657
Alcaligenaceae	29.6924313800869	0.397038759716069	4.36933003239901e-17	1.22341240907172e-15	1.27802525027241e-09	2.93945807562654e-08
Alicyclobacillaceae	31.6356353945869	0.354186868950909	2.36438887610014e-32	1.37134554813808e-30	6.42190306729112e-24	3.85314184037467e-22
All_BS	75.1986068869685	0.00337458955985301	0	0	0	0
All_PM	27.2081828019325	0.499541285177271	0.500013592969285	0.500013592969285	0.5	1
B1-7BS	28.566160740125	0.442204462013522	1.50067168571408e-06	1.20053734857126e-05	0.000880088969049404	0.0105610676285928
Bacillaceae	38.4821596041196	0.183195016198367	7.15536341590611e-145	7.44157795254236e-143	2.68390539952736e-146	2.79126161550845e-144
Bacteriovoracaceae	29.4071805609592	0.415534073910426	4.3631093629934e-12	7.85359685338812e-11	1.72165375866497e-07	3.44330751732994e-06
Bdellovibrionaceae	31.5898912505167	0.361158659675763	1.6186758615097e-29	8.0933793075485e-28	6.15611990643886e-23	3.57054954573454e-21
Beijerinckiaceae	30.7914156452203	0.350881423904776	9.58405253151448e-34	5.65459099359354e-32	1.28719862063778e-19	6.30727324112512e-18
BIrii41	33.0152969847637	0.328767827900992	7.50892998097667e-44	5.48151888611297e-42	1.47743760116117e-36	1.12285257688249e-34
Bryobacteraceae	33.3195276438063	0.293242725912834	5.63333574896833e-63	4.90100210160245e-61	2.35243688187036e-48	2.02309571840851e-46
Burkholderiaceae	30.8720947906712	0.373912449554018	1.10193422490671e-24	4.62812374460818e-23	2.46486022978606e-17	1.05988989880801e-15
Catenulisporaceae	33.7332916748826	0.303847133285326	6.80549079397112e-57	5.71661226693574e-55	3.8260501274669e-47	3.25214260834687e-45
Caulobacteraceae	35.0867496076978	0.25352257568373	1.39265248461214e-88	1.37872595976602e-86	2.37732408930194e-75	2.35355084840892e-73
Cellulomonadaceae	31.3283750202155	0.379232360981582	8.37442306163707e-23	3.18228076342209e-21	3.17611674593013e-19	1.49277487058716e-17
Cellvibrionaceae	31.361805519596	0.363304669278418	1.13345084800784e-28	5.55390915523842e-27	3.01669316668561e-21	1.59884737834337e-19
Chitinophagaceae	34.3204530808139	0.271654459568167	2.43598639158088e-76	2.28982720808603e-74	5.13349449553171e-61	4.82548482579981e-59
Chloroflexaceae	34.4649303780487	0.281663549542044	5.57939214604251e-70	5.13304077435911e-68	2.73707102061422e-58	2.51810533896508e-56
Clostridiaceae	30.9490446261507	0.37351107408413	7.88909682418353e-25	3.39231163439892e-23	1.09167379229124e-17	4.80336468608146e-16
Comamonadaceae	75.8587648845	0.0016940405861431	0	0	0	0
Crocinitomicaceae	32.8360229441156	0.31889281082567	8.26168006795684e-49	6.44411045300634e-47	3.55665093639297e-37	2.73862122102259e-35
Cytophagaceae	33.289621237504	0.341868183573625	1.06894332360507e-37	6.94813160343295e-36	5.72531768500721e-35	4.23673508690534e-33
Deinococcaceae	30.3903365295218	0.380903634471744	3.14345083766005e-22	1.16307680993422e-20	3.54328046133377e-14	1.24014816146682e-12
Devosiaceae	27.6980189633417	0.476294393729099	0.0276977640022771	0.110791056009108	0.133356447825945	0.53342579130378
Dongiaceae	29.8940482666598	0.374890591455425	2.47704403679929e-24	1.01558805508771e-22	3.96988286114276e-12	1.1512660297314e-10
Enterobacteriaceae	29.9904786686277	0.403598213035933	3.33248907590765e-15	7.66472487458759e-14	1.1509741023493e-10	2.99253266610818e-09
Entotheonellaceae	31.5271675889327	0.364132716991505	2.38274814015432e-28	1.14371910727407e-26	4.36776386753248e-22	2.44594776581819e-20
env.OPS_17	29.6845638608609	0.399769968008014	2.74665202759254e-16	6.99087035438672e-15	1.73551621933063e-09	3.81813568252739e-08
Erwiniaceae	30.7671892600707	0.369058841981176	1.80644920814544e-26	8.30966635746902e-25	3.45323493335208e-17	1.45035867200787e-15
Fibrobacteraceae	46.7518416346968	0.0857931634626898	5.76175873578638e-246	6.39555219672288e-244	0	0
Flavobacteriaceae	51.0933999239237	0.0499661866463393	6.5004637000903e-290	7.34552398110204e-288	0	0
Frankiaceae	29.9770150935256	0.399737925428485	2.68879629014874e-16	6.99087035438672e-15	1.04346990270874e-10	2.8173687373136e-09
Gaiellaceae	43.4640683098511	0.113231730248701	9.09324922506712e-215	9.72977667082182e-213	4.3874596746766e-264	4.69458185190396e-262
Geminicoccaceae	28.3618558198424	0.427122525764764	1.93601227916541e-09	2.12961350708195e-08	0.001798296815716	0.016184671341444
Gemmatimonadaceae	57.2392485432276	0.0277395983884269	0	0	0	0
Geobacteraceae	32.1061615525354	0.337166356640656	7.51882920761586e-40	5.2631804453311e-38	1.90127505048258e-29	1.33089253533781e-27
Geodermatophilaceae	34.1454540587919	0.292837134314061	3.24960784207327e-63	2.88553601151238e-61	8.44596695876045e-53	7.68582993247201e-51
Glycomycetaceae	29.5777396015352	0.415191724244934	3.59684719239673e-12	6.83400966555379e-11	3.67334412575596e-08	7.71402266408752e-07
Gracilibacteraceae	33.4191600346316	0.320916552690649	9.02962802265005e-48	6.95281357744054e-46	7.35677076658084e-41	5.95898432093048e-39
Haliangiaceae	35.9480946951251	0.237239885928417	2.27453584777426e-100	2.27453584777426e-98	2.7654670953581e-89	2.7654670953581e-87
Herpetosiphonaceae	29.2795235095389	0.421994026588595	1.45004291070192e-10	2.03006007498269e-09	1.27763750260232e-06	2.29974750468418e-05
Hymenobacteraceae	28.4189702846784	0.418649793156717	2.4442791275354e-11	4.15527451681018e-10	0.000897940366924214	0.0105610676285928
Hyphomicrobiaceae	32.0543064624643	0.340754282322109	3.34636197607525e-38	2.24206252397042e-36	2.28941117466462e-28	1.55679959877194e-26
Hyphomonadaceae	31.2817305018873	0.356429006292151	1.99770601079103e-31	1.11871536604298e-29	1.63900724449613e-21	8.8506391202791e-20
Iamiaceae	31.8698166875915	0.344851516372915	2.30459887712101e-36	1.47494328135745e-34	6.08997251640022e-27	4.08028158598815e-25
Ilumatobacteraceae	34.2940551885149	0.266623774582139	1.21093984359139e-79	1.16250224984773e-77	2.30526852103332e-64	2.21305778019199e-62
Intrasporangiaceae	30.5546267453043	0.36099507387501	1.39378919870561e-29	7.10832491339861e-28	4.6182304044895e-17	1.89347446584069e-15
KF-JG30-B3	30.3084226248698	0.390143702536929	3.40361762118707e-19	1.1572299912036e-17	5.41045577098288e-13	1.67724128900469e-11
Kineosporiaceae	31.0934854003124	0.359208278453389	2.68982531749502e-30	1.42338161395773e-28	2.13743860800279e-20	1.06871930400139e-18
Latescibacteraceae	31.1997774667315	0.369931580660448	3.82590626719453e-26	1.72165782023754e-24	1.41812860804397e-19	6.80701731861106e-18
Leptospiraceae	28.820709180105	0.430236558559501	8.60631376161908e-09	8.60631376161908e-08	7.14877002742113e-05	0.00100082780383896
Methyloligellaceae	32.8227281025927	0.303518275232267	4.45676021782796e-57	3.78824618515377e-55	3.03740749728465e-42	2.52104822274626e-40
Methylophilaceae	45.249285960979	0.091133312308904	9.99094563223789e-240	1.08901307391393e-237	4.73314888715914e-320	5.15913228700346e-318
Microbacteriaceae	31.0632428010211	0.368590008449122	1.20465830257851e-26	5.661894022119e-25	4.8182447487623e-19	2.21639258443066e-17
Micrococcaceae	33.0601967817136	0.308736999566582	3.39135905362198e-54	2.78091442397002e-52	1.59868861496749e-41	1.31092466427334e-39
Micromonosporaceae	34.1494861329352	0.265253532694393	1.48220275464726e-80	1.43773667200784e-78	6.7780216722101e-64	6.43912058859959e-62
Micropepsaceae	30.0976991448272	0.405664959415543	1.23294935398482e-14	2.7124885787666e-13	7.6805297620848e-11	2.15054833338374e-09
Microscillaceae	37.9220662280332	0.191322026237813	1.18845797882401e-137	1.22411171818873e-135	9.8630393928452e-134	1.01589305746306e-131
Microtrichaceae	28.1638968048905	0.432149837847683	2.08744965427287e-08	1.87870468884558e-07	0.00780460344123028	0.054632224088612
Mitochondria	27.9793009372291	0.44295746263245	2.01456192297438e-06	1.20873715378463e-05	0.0287386065760908	0.172431639456545
Moraxellaceae	26.8545694545438	0.477545740782277	0.0347901055634273	0.110791056009108	0.813245081227275	1
Mycobacteriaceae	35.822786502821	0.231350797101327	8.11063029154437e-105	8.19173659445981e-103	2.48794205133042e-93	2.51282147184372e-91
Myxococcaceae	31.3839587756891	0.356324446295793	1.8097778449525e-31	1.03157337162292e-29	2.7290424892016e-22	1.55555421884491e-20
Nakamurellaceae	31.1805781602088	0.357691315280432	6.54774854110739e-31	3.53578421219799e-29	7.98996481661053e-21	4.15478170463748e-19
Nannocystaceae	29.2229945534892	0.41256085982046	7.95217602079785e-13	1.66995696436755e-11	8.52769356623009e-07	1.62026177758372e-05
Nitrosomonadaceae	47.49607344954	0.0766509095876457	7.79449612259753e-257	8.72983565730923e-255	0	0
Nitrososphaeraceae	31.9830452786455	0.336939528906623	5.89816826893123e-40	4.18769947094117e-38	4.99101891179015e-29	3.4438030491352e-27
Nitrospiraceae	38.6052195775697	0.176192026119762	3.03994426271885e-151	3.19194147585479e-149	4.41072633487952e-154	4.6312626516235e-152
Nocardiaceae	32.5956470437038	0.31289410264756	5.89571747972378e-52	4.71657398377902e-50	8.17866663739632e-38	6.37935997716913e-36
Nocardioidaceae	46.2319281558347	0.0888068523899548	1.95645555309906e-242	2.15210110840897e-240	9.88131291682493e-324	1.08694442085074e-321
NS9_marine_group	28.3511288853252	0.442352869750287	1.59079736282991e-06	1.20053734857126e-05	0.00339221818733673	0.0271377454986938
Oligoflexales_fa	29.0490238466864	0.413065108835151	1.06562426789706e-12	2.13124853579412e-11	3.43942523976534e-06	5.50308038362454e-05
Oxalobacteraceae	75.9754183162878	0.00244535475351667	0	0	0	0
Paenibacillaceae	29.1212806646086	0.422069916908532	1.50857701242167e-10	2.03006007498269e-09	3.84733882077531e-06	5.77100823116296e-05
Pedosphaeraceae	52.7121682902722	0.04288646302202	4.98942890425534e-299	5.73784323989364e-297	0	0
Peptostreptococcaceae	31.5953296931245	0.347023665974659	2.07887255010183e-35	1.28890098106313e-33	4.56510584657509e-25	2.83036562487656e-23
Phaselicystidaceae	30.4554982133396	0.383117102136565	1.76259068179685e-21	6.16906738628898e-20	1.91021816505287e-14	6.87678539419033e-13
Phycisphaeraceae	31.6869003788206	0.356644872091082	2.44914753144266e-31	1.34703114229346e-29	7.96571502685026e-24	4.69977186584165e-22
Planococcaceae	32.3123180304238	0.327420353109226	1.64131426357271e-44	1.23098569767953e-42	4.14059220909258e-33	2.98122639054666e-31
Polyangiaceae	32.429847500843	0.327918699543478	2.88419313556505e-44	2.13430292031814e-42	2.04108133115587e-33	1.48998937174379e-31
Promicromonosporaceae	32.7454442647914	0.323446230021873	1.72847065746441e-46	1.31363769967295e-44	7.74708823379532e-36	5.81031617534649e-34
Propionibacteriaceae	34.0189240262172	0.291001431797369	2.65828121909314e-64	2.41903590937476e-62	1.43522367363112e-52	1.29170130626801e-50
Pseudohongiellaceae	29.7690780628727	0.392688557932141	2.1166510883798e-18	6.3499532651394e-17	3.67997523428163e-10	9.19993808570408e-09
Pseudomonadaceae	35.4470772165027	0.264148906926425	2.70181478069487e-81	2.64777848508097e-79	9.58521547582583e-72	9.39351116630931e-70
Pseudonocardiaceae	36.370325618175	0.219381207195751	3.68368742519256e-114	3.75736117369641e-112	5.33214686361672e-103	5.43878980088905e-101
Reyranellaceae	31.8722947401558	0.349716929106636	3.04621657073805e-34	1.82772994244283e-32	1.93884546571932e-25	1.22147264340317e-23
Rhizobiaceae	34.8231155902774	0.269241990619956	6.47718436256703e-78	6.15332514443868e-76	5.17160930390995e-66	5.01646102479265e-64
Rhizobiales_Incertae_Sedis	33.6831236608959	0.292835447862507	3.24217529383413e-63	2.88553601151238e-61	4.76394801788502e-51	4.23991373591767e-49
Rhodanobacteraceae	33.3506882160045	0.291906213056171	9.1551477577839e-64	8.23963298200551e-62	1.02139652960347e-48	8.88614980755019e-47
Rhodobacteraceae	31.0491937610748	0.373459637311729	7.55781346957766e-25	3.32543792661417e-23	3.46832359247302e-18	1.56074561661286e-16
Rhodocyclaceae	32.3011664846624	0.331739355539403	2.05963829510784e-42	1.48293957247764e-40	1.65212968399484e-32	1.17301207563634e-30
Roseiflexaceae	66.9458150136968	0.00586885140844002	0	0	0	0
Rubrobacteriaceae	31.7182281131105	0.339166488183877	6.30320006083548e-39	4.28617604136813e-37	1.13516163101578e-26	7.49206676470415e-25
Saccharimonadaceae	31.41947290061	0.338348559180115	2.65037445663319e-39	1.8287583750769e-37	1.77561477672461e-25	1.13639345710375e-23
Salisediminibacteriaceae	31.013186892531	0.345870133111621	6.48936247454133e-36	4.08829835896104e-34	1.28025823353959e-21	7.04142028446775e-20
Sandaracinaceae	30.746670110008	0.378080514570098	3.33023719641015e-23	1.29879250659996e-21	2.47060556326466e-16	9.88242225305864e-15
Saprospiraceae	31.1124961947066	0.359206592001835	2.68562568671269e-30	1.42338161395773e-28	1.63087794542048e-20	8.31747752164445e-19
SC-I-84	43.3908866384376	0.116152664340488	1.42638301095186e-211	1.51196599160897e-209	1.80959901061043e-255	1.91817495124706e-253
Solibacteraceae	32.8608864931268	0.309698276952447	1.12907222343136e-53	9.14548500979402e-52	1.94824861006066e-39	1.55859888804853e-37
Solimonadaceae	30.395429897294	0.382628031185862	1.2075306413994e-21	4.34711030903784e-20	3.89989709424758e-14	1.32596501204418e-12
Solirubrobacteraceae	34.187750746617	0.274913527196561	3.08060264122479e-74	2.86496045633905e-72	9.1044040820814e-61	8.4670957963357e-59
Sphingomonadaceae	59.4160272993806	0.0204203986434184	0	0	0	0
Sporichthyaceae	29.1828229119748	0.419160787977624	3.22336495560997e-11	4.83504743341496e-10	2.22723512150507e-06	3.78629970655862e-05
Staphylococcaceae	30.9775659847669	0.39088995734964	5.84209877295027e-19	1.92789259507359e-17	4.01048489659393e-16	1.56408910967163e-14
Steroidobacteraceae	30.5292122355991	0.375808021100882	5.2654292426563e-24	2.10617169706252e-22	3.12048799196032e-15	1.18578543694492e-13
Streptomycetaceae	33.1088892872308	0.304356441654679	1.30910050523889e-56	1.08655341934828e-54	1.17931975911905e-43	9.90628597660002e-42
Streptosporangiaceae	30.4229920466271	0.392829376636912	2.33904749926623e-18	6.78323774787207e-17	2.06712850375607e-13	6.61481121201942e-12
Sutterellaceae	34.0876078993406	0.302809965579524	1.78656152805258e-57	1.53644291412522e-55	1.9761695241387e-49	1.73902918124206e-47
Thermoanaerobaculaceae	30.6762371590893	0.392145520531704	1.43815496956992e-18	4.45828040566675e-17	1.1242810266627e-14	4.15983979865199e-13
Thermomonosporaceae	32.9374602970529	0.317198770239527	1.09340517516215e-49	8.63790088378098e-48	4.34822137737827e-39	3.43509488812883e-37
TRA3-20	27.259173695205	0.482133732235341	0.0743896444145031	0.148779288829006	0.452655343037258	1
Unknown_Family	31.4290750658032	0.341734953900847	9.30704078014902e-38	6.14264691489835e-36	1.21969500792064e-24	7.4401395483159e-23
Xanthobacteraceae	45.0364606868661	0.104942820860057	5.74073388361673e-224	6.19999259430607e-222	1.2947798979026e-277	1.39836228973481e-275
Xanthomonadaceae	51.7243639382368	0.0487595305593454	1.85977444436216e-291	2.12014286657286e-289	0	0
