Family	Mean	P_value_F	P_value_W	P_adjust_W	P_value_T	P_adjust_T
67-14	39.1202920181232	0.534014884621417	0.997010236874942	1	0.999997506234614	1
A21b	42.9019477549079	0.447510038602876	1.10788392416238e-05	0.000997095531746142	0.00285688384713741	0.257119546242367
A4b	41.938212484461	0.47484994797297	0.021051866185134	1	0.180710299199119	1
Acidobacteriaceae_(Subgroup_1)	34.3920357977728	0.650727450877882	1	1	1	1
Acidobacteriae_fa	37.6156360334494	0.575973799288655	0.999999999586868	1	0.999999999999313	1
Acidothermaceae	36.5030314480884	0.614490666333874	1	1	1	1
AKYH767	36.5573939203807	0.601768919035147	1	1	1	1
Alcaligenaceae	37.6382904444109	0.574057147097364	0.999999998917416	1	0.99999999999932	1
Alicyclobacillaceae	37.8546658575819	0.571903548462715	0.999999996892405	1	0.999999999936626	1
All_BS	87.165250901772	0.0102983164154135	0	0	0	0
All_PM	41.4361625506942	0.499541285177271	0.500013592969285	1	0.5	1
B1-7BS	40.1372507945252	0.521580677312673	0.959423551514907	1	0.98994749474605	1
Bacillaceae	45.9190855587017	0.364099831186199	2.31366203089947e-28	2.35993527151746e-26	3.80448574417366e-19	3.88057545905713e-17
Bacteriovoracaceae	38.9267750000762	0.547229075773955	0.999932403880695	1	0.99999681799015	1
Bdellovibrionaceae	40.2565277248623	0.518902592244684	0.936694919968262	1	0.982796175901325	1
Beijerinckiaceae	42.6923336468808	0.448617194048175	1.64442169825429e-05	0.00144709109446378	0.00974773805869373	0.848053211106354
BIrii41	36.2310216982752	0.618367818456863	1	1	1	1
Bryobacteraceae	43.315713477391	0.433363239740894	3.61763542571519e-08	3.40057730017228e-06	0.000217066833972007	0.0201872155593967
Burkholderiaceae	40.6797234820951	0.498773106494356	0.460509187638046	1	0.924531854115402	1
Catenulisporaceae	36.4858368944842	0.603585227358966	1	1	1	1
Caulobacteraceae	42.6638029965195	0.44043790401055	7.41578872028705e-07	6.74836773546122e-05	0.00821195189462024	0.730863718621201
Cellulomonadaceae	37.9772446043685	0.571428812350222	0.999999996094723	1	0.999999999503298	1
Cellvibrionaceae	43.0958637284561	0.459104393037653	0.000474940693123082	0.0413198403017081	0.00231473145314708	0.210640562236384
Chitinophagaceae	41.34515176078	0.48646369660062	0.136992397447551	1	0.56491390636076	1
Chloroflexaceae	42.7071724523969	0.448271471479575	1.45482740664149e-05	0.00129479639191093	0.00828805929091988	0.730863718621201
Clostridiaceae	40.2696871328272	0.531868031792985	0.994993857987868	1	0.973148026490259	1
Comamonadaceae	86.3573481169552	0.0140464549945106	0	0	0	0
Crocinitomicaceae	38.5241779344317	0.552505982686888	0.999988984915202	1	0.999999951936756	1
Cytophagaceae	36.9468853995943	0.594745691537892	0.99999999999999	1	1	1
Deinococcaceae	38.9177689965061	0.547417115122242	0.999936446859564	1	0.999997737182128	1
Devosiaceae	34.3726425493756	0.653365061108572	1	1	1	1
Dongiaceae	36.0908272687859	0.614752066324767	1	1	1	1
Enterobacteriaceae	37.9521491645373	0.570313224647152	0.999999993356818	1	0.999999999685375	1
Entotheonellaceae	37.5541558094219	0.575278981248345	0.999999999412603	1	0.999999999999553	1
env.OPS_17	37.2210988594903	0.589823782677107	0.999999999999805	1	0.99999999999999	1
Erwiniaceae	38.3341984149019	0.560622030791233	0.999999518739228	1	0.999999991713336	1
Fibrobacteraceae	63.439643674884	0.100944244225168	1.78397580100384e-228	1.9980528971243e-226	2.63902065569713e-282	2.95570313438079e-280
Flavobacteriaceae	64.519554935178	0.0840645506196866	5.29240028820509e-248	6.0333363285538e-246	9.95215204912565e-318	1.13454533360032e-315
Frankiaceae	39.0822841882036	0.562154172028177	0.999999745606839	1	0.999951225871564	1
Gaiellaceae	53.2873267704341	0.231853359664464	1.96089712636607e-104	2.07855095394803e-102	2.28392684752484e-100	2.42096245837633e-98
Geminicoccaceae	40.8131335141043	0.523969535939126	0.973632850597735	1	0.842441091375615	1
Gemmatimonadaceae	77.010231020189	0.0310062550488143	0	0	0	0
Geobacteraceae	35.6117573951993	0.625602695624164	1	1	1	1
Geodermatophilaceae	39.3938336735983	0.535830349719459	0.998107937685359	1	0.9998761829361	1
Glycomycetaceae	33.8037236128855	0.665375125851447	1	1	1	1
Gracilibacteraceae	37.4557173807661	0.584226449968885	0.999999999995008	1	0.999999999997483	1
Haliangiaceae	47.2953070088578	0.346155986650049	8.66660929347683e-36	8.92660757228113e-34	2.64774020140496e-28	2.75364980946116e-26
Herpetosiphonaceae	40.7142124185374	0.502430176689529	0.577849084299983	1	0.900982259239225	1
Hymenobacteraceae	36.1184275797722	0.627314443951626	1	1	1	1
Hyphomicrobiaceae	39.1387417055291	0.536023448422409	0.998199917642942	1	0.9999915388349	1
Hyphomonadaceae	37.2294636846086	0.582020571336058	0.99999999998304	1	0.999999999999999	1
Iamiaceae	40.9184121116666	0.489030475866035	0.187674460849463	1	0.836888324042505	1
Ilumatobacteraceae	44.6924850949477	0.416783734512051	8.77384710057793e-12	8.59837015856637e-10	3.36651299695897e-09	3.33284786698938e-07
Intrasporangiaceae	38.3047048357333	0.556997003175588	0.999997949476194	1	0.999999996756374	1
KF-JG30-B3	37.6528987421104	0.597064562424848	0.999999999999998	1	0.999999999689744	1
Kineosporiaceae	38.3395309177717	0.556868832857473	0.99999784491697	1	0.999999993250083	1
Latescibacteraceae	38.2453271308037	0.565484913847622	0.999999939554121	1	0.999999995812231	1
Leptospiraceae	35.2192097271312	0.633414339222984	1	1	1	1
Methyloligellaceae	42.022562355498	0.459138122068736	0.000479580568334147	0.0413198403017081	0.12536942096754	1
Methylophilaceae	59.2433836733238	0.12932806710728	1.85245439647549e-197	2.05622438008779e-195	4.21121360273486e-221	4.63233496300835e-219
Microbacteriaceae	40.1105125000577	0.519863026404772	0.945777753194917	1	0.99108650395866	1
Micrococcaceae	42.4576898128761	0.459116198198532	0.000476559898707713	0.0413198403017081	0.0273678511966719	1
Micromonosporaceae	44.4917400720812	0.405362241361574	1.01969338536663e-14	1.00949645151296e-12	4.99415356227184e-09	4.8942704910264e-07
Micropepsaceae	44.4401462161491	0.428149574761241	3.18829865119426e-09	3.02888371863455e-07	1.31021356226245e-07	1.27090715539458e-05
Microscillaceae	46.7996274372254	0.335484121215392	1.23244639772759e-40	1.28174425363669e-38	6.77487414325487e-28	6.97812036755252e-26
Microtrichaceae	37.2231221844711	0.58498029381359	0.999999999996737	1	0.99999999999999	1
Mitochondria	40.6506022748075	0.512645013753012	0.846586530172978	1	0.913184777715478	1
Moraxellaceae	35.3615740799526	0.631818112826982	1	1	1	1
Mycobacteriaceae	45.9636004162362	0.375006113386884	2.72459780180038e-24	2.75184377981838e-22	6.55331421759855e-18	6.61884735977454e-16
Myxococcaceae	38.3536092621017	0.563343120373853	0.999999846463948	1	0.999999977716613	1
Nakamurellaceae	38.8537250496995	0.544327535875041	0.999829718995787	1	0.999999757082119	1
Nannocystaceae	37.9091859656984	0.567011995729905	0.999999969450206	1	0.99999999998622	1
Nitrosomonadaceae	59.7669650410767	0.129485750327593	2.71443623640398e-197	2.98587986004438e-195	3.24368828582058e-225	3.60049399726084e-223
Nitrososphaeraceae	40.4355291129106	0.51023591770791	0.795941659674811	1	0.963910671072822	1
Nitrospiraceae	52.6077919074677	0.225038408934146	1.07773265604322e-109	1.15317394196625e-107	5.46376533985739e-101	5.84622891364741e-99
Nocardiaceae	37.9254541992474	0.578700791451714	0.999999999899241	1	0.999999999818723	1
Nocardioidaceae	57.0688379050584	0.173616814596575	1.27304697167068e-153	1.37489072940433e-151	2.43645292257582e-160	2.63136915638189e-158
NS9_marine_group	36.1031174920826	0.622512273151185	1	1	1	1
Oligoflexales_fa	37.8199499952193	0.574838817392712	0.999999999267067	1	0.999999999863836	1
Oxalobacteraceae	82.8071889305181	0.0201514096205315	0	0	0	0
Paenibacillaceae	38.9009908505193	0.569088017593063	0.999999988201907	1	0.999983012694581	1
Pedosphaeraceae	69.379680083904	0.0575956934773113	2.99660012428635e-280	3.4460901429293e-278	0	0
Peptostreptococcaceae	42.1377278513164	0.466917723088028	0.00375283785255881	0.311485541762381	0.0947442860456246	1
Phaselicystidaceae	36.0654735099322	0.613276421214886	1	1	1	1
Phycisphaeraceae	38.8051100540527	0.542245611431443	0.999679994110336	1	0.999999814152856	1
Planococcaceae	39.8802656504498	0.520519056059336	0.951365577284928	1	0.998378500848824	1
Polyangiaceae	40.1792514718142	0.510781484785677	0.808205424868918	1	0.991540097851321	1
Promicromonosporaceae	39.9347443349138	0.520525801865553	0.951420548384382	1	0.997078477035265	1
Propionibacteriaceae	39.7880137642305	0.522038548909625	0.962546899885936	1	0.999132220507242	1
Pseudohongiellaceae	37.8480334687778	0.572387560058756	0.999999997541802	1	0.99999999999286	1
Pseudomonadaceae	38.460895419416	0.555041562598552	0.999995669675202	1	0.99999998388558	1
Pseudonocardiaceae	43.1304712611525	0.436542200920465	1.46168306897904e-07	1.34474842346072e-05	0.000591807695499004	0.0544463079859084
Reyranellaceae	35.4544183370477	0.634179145002791	1	1	1	1
Rhizobiaceae	41.3163327926031	0.494742487279939	0.33546054496031	1	0.583822554895281	1
Rhizobiales_Incertae_Sedis	44.4654378940774	0.403010484669312	2.2856794408125e-15	2.2856794408125e-13	2.78147855266921e-09	2.78147855266921e-07
Rhodanobacteraceae	38.1897219034217	0.562202235897471	0.999999750703843	1	0.999999999400877	1
Rhodobacteraceae	43.9301161112003	0.436481488664516	1.42407171768093e-07	1.32438669744326e-05	5.46376113283116e-06	0.000513593546486129
Rhodocyclaceae	38.3462312254283	0.55904604181388	0.999999087006932	1	0.999999994332022	1
Roseiflexaceae	85.1665820900749	0.014694052391304	0	0	0	0
Rubrobacteriaceae	35.2987397931512	0.630331505781999	1	1	1	1
Saccharimonadaceae	42.3424946005564	0.461065736195129	0.000826299200958625	0.0694091328805245	0.0417509234026931	1
Salisediminibacteriaceae	38.9436751472037	0.542046610148054	0.999660577199039	1	0.999999555193057	1
Sandaracinaceae	35.9896645031893	0.615124772118234	1	1	1	1
Saprospiraceae	37.168863864802	0.587529365337687	0.999999999999245	1	0.999999999999997	1
SC-I-84	52.6994869576769	0.246540666249551	1.51898992089804e-93	1.59493941694294e-91	5.51837940738354e-89	5.79429837775272e-87
Solibacteraceae	40.9654909938837	0.48886773329106	0.184153119729915	1	0.820278495460063	1
Solimonadaceae	38.9823973103911	0.561014974003349	0.999999590753496	1	0.999976614854706	1
Solirubrobacteraceae	44.0279250359915	0.422310236254998	1.70956818088438e-10	1.65828113545785e-08	7.08781597840035e-07	6.80430333926434e-05
Sphingomonadaceae	80.9485158609696	0.018271859363432	0	0	0	0
Sporichthyaceae	37.3852039786302	0.582256674553638	0.999999999985099	1	0.999999999998887	1
Staphylococcaceae	36.9798525324899	0.602096933862429	1	1	0.999999999999992	1
Steroidobacteraceae	38.6247252675279	0.561772190751162	0.999999701368088	1	0.999999800822548	1
Streptomycetaceae	39.4331745149151	0.535611954243196	0.997998775510879	1	0.999879106662735	1
Streptosporangiaceae	39.4280818771588	0.544320790068824	0.999829363191636	1	0.999669717236224	1
Sutterellaceae	38.3025307423104	0.562199706220139	0.999999750438053	1	0.999999980491862	1
Thermoanaerobaculaceae	37.3193321670626	0.598920502360189	0.999999999999999	1	0.99999999999924	1
Thermomonosporaceae	42.2649708121496	0.473890357038659	0.0174273509848719	1	0.0712548358251068	1
TRA3-20	37.5273671578048	0.583882413851838	0.999999999993947	1	0.999999999996854	1
Unknown_Family	43.9732205942783	0.422454427862878	1.84247202305483e-10	1.76877314213264e-08	8.79041321049511e-07	8.35089254997035e-05
Xanthobacteraceae	59.0949448570236	0.146022251041805	2.78094401043166e-180	3.03122897137051e-178	3.96447816731018e-203	4.3212812023681e-201
Xanthomonadaceae	66.4331573507442	0.0925870335485808	4.83100570602548e-238	5.45903644780879e-236	2.74935634809902e-316	3.10677267335189e-314
