Family	Mean	P_value_F	P_value_W	P_adjust_W	P_value_T	P_adjust_T
67-14	43.9787478056761	0.189581608233931	3.50322330804903e-139	2.69748194719775e-137	3.528362045092e-156	2.75212239517176e-154
A21b	45.1135722744749	0.153551414005306	8.56079423675402e-173	6.76302744703568e-171	5.46835115918915e-202	4.31999741575943e-200
A4b	33.0782626175783	0.469873229436675	0.00745237307867417	0.134142715416135	0.036537169533692	0.657669051606456
Acidobacteriaceae_(Subgroup_1)	35.1597826388997	0.410267285706817	2.05755159789417e-13	6.78992027305076e-12	2.3049543936483e-12	6.9148631809449e-11
Acidobacteriae_fa	38.6623406217591	0.308442713770383	2.34390560991171e-54	1.38290430984791e-52	1.75932034532524e-53	1.03799900374189e-51
Acidothermaceae	30.2190270805368	0.560202947580026	0.999999428531081	1	0.999999982066106	1
AKYH767	35.7690037096195	0.402511295009284	1.65642819868175e-15	5.63185587551795e-14	8.25183004628323e-16	2.8056222157363e-14
Alcaligenaceae	37.0446248925625	0.352637863198423	5.31067040553107e-33	2.23048157032305e-31	5.5411247743713e-31	2.32727240523595e-29
Alicyclobacillaceae	34.4583676766738	0.438716036973764	3.66059547345433e-07	9.15148868363583e-06	4.50201156646907e-07	1.12550289161727e-05
All_BS	144.803241608973	8.43225777074715e-07	0	0	0	0
All_PM	32.3581968194558	0.499541285177271	0.500013592969285	1	0.5	1
B1-7BS	37.079799241352	0.351873900644393	2.5280686058798e-33	1.08706950052831e-31	9.19747103288727e-32	4.0468872544704e-30
Bacillaceae	68.4599948676284	0.00335097923809492	0	0	0	0
Bacteriovoracaceae	32.7358950758161	0.485560601793373	0.121622281100918	1	0.177660758468988	1
Bdellovibrionaceae	38.8758256627754	0.307326282841536	5.74220942025689e-55	3.44532565215413e-53	7.11138185979784e-55	4.2668291158787e-53
Beijerinckiaceae	47.6899703509624	0.120697651278921	1.19785021169249e-206	9.94215675704767e-205	1.37172079348979e-255	1.13852825859653e-253
BIrii41	35.0924664843421	0.417752600929909	1.49769665132179e-11	4.34332028883319e-10	3.57695346226984e-11	1.03731650405825e-09
Bryobacteraceae	56.1662544281492	0.0292363241427345	0	0	0	0
Burkholderiaceae	31.672739418125	0.510318553834063	0.797828687995685	1	0.960875099955978	1
Catenulisporaceae	38.6927481905743	0.30951866986193	9.02242788299379e-54	5.2330081721364e-52	1.07169162460155e-52	6.21581142268899e-51
Caulobacteraceae	61.7950349365957	0.0106533144675619	0	0	0	0
Cellulomonadaceae	31.5260045672019	0.524772286878901	0.977355720828913	1	0.977100506704687	1
Cellvibrionaceae	40.8179843388643	0.254124638888561	3.675280548614e-88	2.49919077305752e-86	1.65964239158406e-92	1.145153250193e-90
Chitinophagaceae	51.3326743689757	0.0692988240373313	9.53735670625851e-266	8.86974173682041e-264	0	0
Chloroflexaceae	51.0586668202328	0.0692676246835795	8.73536523440991e-266	8.21124332034532e-264	0	0
Clostridiaceae	37.8769528693135	0.319574980479323	1.855476982433e-48	9.6484803086516e-47	4.8488262405391e-46	2.52138964508033e-44
Comamonadaceae	132.401349155518	8.43225777074715e-07	0	0	0	0
Crocinitomicaceae	40.3506796393484	0.24637370754569	1.15133798111782e-93	8.05936586782474e-92	6.20896559502085e-95	4.34627591651459e-93
Cytophagaceae	33.2799876819506	0.460356583316609	0.000678203931200976	0.0135640786240195	0.00869382955986911	0.173876591197382
Deinococcaceae	39.0842184839348	0.291317641463772	4.09789870117708e-64	2.49971820771802e-62	2.43336729724943e-63	1.48435405132215e-61
Devosiaceae	32.218723131036	0.501090290929758	0.535105976577207	1	0.634012058977123	1
Dongiaceae	40.3459219839186	0.261578754757901	4.99190771233142e-83	3.34457816726205e-81	6.70642450923569e-85	4.49330442118791e-83
Enterobacteriaceae	33.982095752769	0.441760925254781	1.25958426716958e-06	3.02300224120699e-05	2.13913829204547e-05	0.000492001807170458
Entotheonellaceae	31.7928390837582	0.508739191953602	0.759985212218365	1	0.927109328168243	1
env.OPS_17	35.5012694262385	0.415024765541073	3.27264999735888e-12	9.81794999207664e-11	2.36398023528377e-13	7.56473675290806e-12
Erwiniaceae	38.4983373836022	0.314424557432951	3.82797756307194e-51	2.10538765968957e-49	6.10513866618252e-50	3.35782626640039e-48
Fibrobacteraceae	82.1565044933446	2.86696764205403e-05	0	0	0	0
Flavobacteriaceae	86.899293686406	6.74580621659772e-06	0	0	0	0
Frankiaceae	33.8716945059405	0.458724098212193	0.000425426524236512	0.00893395700896675	0.000181114403253705	0.00398451687158151
Gaiellaceae	71.9351226038697	0.000907310936132393	0	0	0	0
Geminicoccaceae	37.6165694691274	0.321263118485027	1.35634678553224e-47	6.91736860621442e-46	5.73927296684853e-44	2.92702921309275e-42
Gemmatimonadaceae	95.5055238714716	8.43225777074715e-07	0	0	0	0
Geobacteraceae	40.5622160401737	0.253527635038392	1.40406951104294e-88	9.68807962619628e-87	4.70719224366633e-91	3.2008907256931e-89
Geodermatophilaceae	39.4838073755401	0.286850231296831	8.52799392877016e-67	5.2873562358375e-65	9.66130104561086e-68	5.99000664827873e-66
Glycomycetaceae	37.6327916767916	0.331020083951558	9.28860837862529e-43	4.36564593795389e-41	3.22307976282221e-40	1.51484748852644e-38
Gracilibacteraceae	33.7475670730156	0.449524504984308	2.25992693466227e-05	0.000497183925625699	0.000288632098258415	0.00606127406342672
Haliangiaceae	56.9273388142078	0.0330510775582205	0	0	0	0
Herpetosiphonaceae	33.1084786606763	0.488931818450117	0.185534824580552	1	0.0456534404074301	0.776108486926312
Hymenobacteraceae	34.6203598349317	0.437496732500114	2.19542778679286e-07	5.70811224566144e-06	5.60336735852911e-08	1.45687551321757e-06
Hyphomicrobiaceae	39.8962227278644	0.26192785022961	8.60604979166585e-83	5.67999286249946e-81	2.79882746808669e-83	1.81923785425635e-81
Hyphomonadaceae	36.7517185260148	0.361993453195067	3.46336355455068e-29	1.31607815072926e-27	9.83699631728228e-28	3.73805860056727e-26
Iamiaceae	47.6759499660267	0.119035653272306	1.92546413126245e-208	1.61738987026046e-206	5.31283932071832e-259	4.46278502940339e-257
Ilumatobacteraceae	51.3396080405857	0.070243236907655	1.35781666481975e-264	1.24919133163417e-262	0	0
Intrasporangiaceae	38.317577713365	0.319431632097221	1.56576118046154e-48	8.29853425644616e-47	2.29075832415277e-47	1.21410191180097e-45
KF-JG30-B3	35.0008891057157	0.425484138079907	8.6150498988723e-10	2.32606347269552e-08	3.73552204372983e-10	1.04594617224435e-08
Kineosporiaceae	35.4736423058824	0.410456168280882	2.30280419761266e-13	7.36897343236051e-12	2.23513932957723e-13	7.37595978760486e-12
Latescibacteraceae	38.4990349317487	0.311528920114476	1.09712326485864e-52	6.25360260969425e-51	1.61943822059023e-51	9.23079785736431e-50
Leptospiraceae	32.4721794203306	0.483127052200735	0.0863496014182923	1	0.38291186167109	1
Methyloligellaceae	49.8975424402226	0.0969397650098404	4.91756042926256e-233	4.37662878204368e-231	1.06871951305419e-298	9.51160366618229e-297
Methylophilaceae	79.0441288344207	0.000151780639873449	0	0	0	0
Microbacteriaceae	38.3220425113345	0.318353989554119	4.35102403824914e-49	2.34955298065454e-47	2.15575076028604e-47	1.16410541055446e-45
Micrococcaceae	55.3626495662259	0.0318047898597041	0	0	0	0
Micromonosporaceae	48.8381404347656	0.106345948553109	2.13780885618927e-222	1.85989370488467e-220	3.18672888712046e-280	2.7724541317948e-278
Micropepsaceae	36.8945815425087	0.349475766534393	2.39989933689551e-34	1.05595570823402e-32	3.68571786683503e-31	1.58485868273906e-29
Microscillaceae	62.9427513552232	0.00891458291523389	0	0	0	0
Microtrichaceae	36.6758781763967	0.358753779759546	1.76422118587287e-30	7.05688474349148e-29	3.87424195040538e-28	1.5109543606581e-26
Mitochondria	37.8340995265067	0.326742399584458	7.60316917119357e-45	3.72555289388485e-43	3.74116865734157e-42	1.83317264209737e-40
Moraxellaceae	32.5531679724358	0.490785228708128	0.228229939712763	1	0.315978095304427	1
Mycobacteriaceae	63.4172909548716	0.00696673137019129	0	0	0	0
Myxococcaceae	37.8267350419728	0.329396031104912	1.51951157597605e-43	7.29365556468504e-42	2.13702721647021e-41	1.0257730639057e-39
Nakamurellaceae	40.0438916355356	0.275647976848393	9.08191236480613e-74	5.72160478982786e-72	2.12759614805447e-75	1.34038557327432e-73
Nannocystaceae	36.6531604164952	0.352785427709411	6.12669099285087e-33	2.51194330706886e-31	1.10258330444604e-28	4.52059154822876e-27
Nitrosomonadaceae	83.7215684449878	8.43225777074715e-07	0	0	0	0
Nitrososphaeraceae	37.325858690009	0.336634281175322	4.25210723496163e-40	1.95596932808235e-38	8.53562919965196e-37	3.9263894318399e-35
Nitrospiraceae	66.2847423960972	0.00515632562681188	0	0	0	0
Nocardiaceae	41.5368155299966	0.233839999595252	6.32477634089746e-103	4.55383896544617e-101	5.03938909967748e-108	3.62836015176779e-106
Nocardioidaceae	79.4248906397215	0.000145034833656851	0	0	0	0
NS9_marine_group	32.5842882047311	0.484949263104993	0.111931432301232	1	0.284263655913498	1
Oligoflexales_fa	32.5613541220478	0.499260490993506	0.476172124344074	1	0.317861117896411	1
Oxalobacteraceae	117.368747646542	8.43225777074715e-07	0	0	0	0
Paenibacillaceae	34.0711891767507	0.447308507642155	1.03018547621993e-05	0.000236942659530584	1.69385055933119e-05	0.000406524134239486
Pedosphaeraceae	96.071493413223	8.43225777074715e-07	0	0	0	0
Peptostreptococcaceae	43.5151906861353	0.192891269408949	2.80295128028566e-136	2.1302429730171e-134	5.68099433096791e-151	4.31755569153561e-149
Phaselicystidaceae	38.3255588690491	0.313671556814023	1.52781302391999e-51	8.55575293395194e-50	1.95407525847356e-50	1.09428214474519e-48
Phycisphaeraceae	47.6640238108332	0.11619229595201	1.57553159986853e-211	1.33920185988825e-209	2.06931135804176e-261	1.7589146543355e-259
Planococcaceae	48.2830287429641	0.100239307475534	2.83151592034738e-229	2.49173400990569e-227	1.02364666367049e-288	9.00809064030031e-287
Polyangiaceae	42.3950315648769	0.21067068491857	3.25372681143266e-121	2.40775784046017e-119	3.60831743091596e-131	2.67015489887781e-129
Promicromonosporaceae	46.5431691049547	0.131733790249274	6.18956649087091e-195	5.01354885760544e-193	1.93688675269481e-228	1.5688782696828e-226
Propionibacteriaceae	43.5245018395669	0.189198783731139	1.60939517285908e-139	1.25532823483008e-137	4.75619968067893e-155	3.66227375412278e-153
Pseudohongiellaceae	35.283726245492	0.41083140375168	2.87819055682935e-13	8.92239072617099e-12	7.76014455805373e-13	2.40564481299666e-11
Pseudomonadaceae	40.6336274426957	0.262144559254319	1.2063307158179e-82	7.84114965281635e-81	2.58043125406509e-84	1.70308462768296e-82
Pseudonocardiaceae	61.6545889879527	0.0140304337047462	0	0	0	0
Reyranellaceae	33.0364186940741	0.476214287280276	0.0272881133422935	0.463897926818989	0.0489961571790491	0.783938514864786
Rhizobiaceae	52.6744718072569	0.0675246770023661	6.39476533037575e-268	6.07502706385696e-266	0	0
Rhizobiales_Incertae_Sedis	50.6248145175199	0.0892385839878171	6.24007902305812e-242	5.61607112075231e-240	3.5036387838395e-312	3.15327490545555e-310
Rhodanobacteraceae	46.7398252096091	0.139491467398362	6.58825833635456e-187	5.27060666908365e-185	4.89721522570631e-224	3.91777218056505e-222
Rhodobacteraceae	37.3465556265621	0.344526874448741	1.6545777658958e-36	7.4455999465311e-35	7.29924521026701e-35	3.28466034462015e-33
Rhodocyclaceae	37.9445861378292	0.324813099006511	8.37235472862019e-46	4.18617736431009e-44	9.44106522095999e-44	4.72053261047999e-42
Roseiflexaceae	111.097501324694	8.43225777074715e-07	0	0	0	0
Rubrobacteriaceae	39.8697061513175	0.271644340858842	2.39939605853239e-76	1.53561347746073e-74	3.89724978948622e-76	2.49423986527118e-74
Saccharimonadaceae	48.0069607365544	0.114666057295505	3.39548028825026e-213	2.92011304789522e-211	2.12255926792419e-267	1.8254009704148e-265
Salisediminibacteriaceae	42.3985092843295	0.230795111314235	3.04996581869352e-105	2.22647504764627e-103	6.76201031032604e-113	4.93626752653801e-111
Sandaracinaceae	36.8614875624899	0.3604216803466	8.23943970603506e-30	3.21338148535367e-28	3.37336728900642e-28	1.34934691560257e-26
Saprospiraceae	32.1469649285091	0.49667937688988	0.394213001835329	1	0.703454309326211	1
SC-I-84	70.1676306305122	0.00237958314290485	0	0	0	0
Solibacteraceae	60.3693676028909	0.0138230001635858	0	0	0	0
Solimonadaceae	36.8763877672615	0.364403392465946	3.03484916809895e-28	1.12289419219661e-26	1.92703953828512e-27	7.13004629165494e-26
Solirubrobacteraceae	49.6698742238906	0.0886947033616039	1.44721945761173e-242	1.31696970642667e-240	1.20587244465813e-317	1.0973439246389e-315
Sphingomonadaceae	102.557596600812	8.43225777074715e-07	0	0	0	0
Sporichthyaceae	36.5348795029123	0.36898548133857	1.69563724981049e-26	6.10429409931776e-25	4.40609813796747e-25	1.58619532966829e-23
Staphylococcaceae	33.0929827119393	0.464135921249458	0.00187569426093503	0.0356381909577656	0.0265604541347269	0.504648628559811
Steroidobacteraceae	41.2051490151507	0.234710208597193	2.87300018694337e-102	2.03983013272979e-100	3.52074993547986e-107	2.4997324541907e-105
Streptomycetaceae	42.7495927742674	0.207396439226189	6.38707709198385e-124	4.79030781898789e-122	4.05916716003895e-136	3.04437537002921e-134
Streptosporangiaceae	32.6198512376007	0.485125497292402	0.114666622400416	1	0.259387910667413	1
Sutterellaceae	32.4217370563916	0.494094889883146	0.316602884810386	1	0.438205144572747	1
Thermoanaerobaculaceae	32.997459085769	0.480616769062384	0.0586217003698992	0.937947205918387	0.0617908875242102	0.926863312863153
Thermomonosporaceae	34.8168072022836	0.423846593620828	3.77017904532368e-10	1.05565013269063e-08	1.20887237603265e-09	3.26395541528815e-08
TRA3-20	36.2106516359015	0.379649757741234	1.16723347263655e-22	4.08531715422793e-21	2.06852192294862e-21	7.23982673032017e-20
Unknown_Family	46.6287667913824	0.126563973010029	2.22645693527789e-200	1.82569468692787e-198	2.4778176884673e-243	2.03181050454319e-241
Xanthobacteraceae	74.3998856671309	0.000203217412275006	0	0	0	0
Xanthomonadaceae	91.7337079334379	8.43225777074715e-07	0	0	0	0
