Family	Mean	P_value_F	P_value_W	P_adjust_W	P_value_T	P_adjust_T
67-14	28.6262902367621	0.581405016518793	0.999999999976274	1	0.999999999990174	1
A21b	30.558526683526	0.513388738888392	0.860375211148054	1	0.998708632958839	1
A4b	27.1151110102718	0.615958722411761	1	1	1	1
Acidobacteriaceae_(Subgroup_1)	29.3180757024673	0.566852626058038	0.999999967172556	1	0.999999888669916	1
Acidobacteriae_fa	29.9818715819918	0.551472187884195	0.999984067289133	1	0.999931745161281	1
Acidothermaceae	28.8523723819475	0.575102747060937	0.999999999358073	1	0.999999999647352	1
AKYH767	30.8307459275112	0.543373847521169	0.999771905145038	1	0.976679309276196	1
Alcaligenaceae	30.1491637233991	0.540484956008911	0.999465634094774	1	0.999826271622542	1
Alicyclobacillaceae	29.0803507646715	0.575344752858957	0.999999999431775	1	0.999999989571525	1
All_BS	97.4079476403318	0.00042920192053103	0	0	0	0
All_PM	31.9048244214048	0.499541285177271	0.500013592969285	1	0.5	1
B1-7BS	28.7334639007533	0.581572818448431	0.999999999978344	1	0.999999999882967	1
Bacillaceae	36.6897091638335	0.349132573643123	1.70814834245864e-34	1.79355575958157e-32	9.49356256048419e-26	9.9682406885084e-24
Bacteriovoracaceae	31.7512781769529	0.507244152650849	0.720871991021118	1	0.616119215383833	1
Bdellovibrionaceae	29.4624921858827	0.552504296235334	0.999988978220688	1	0.999999910180894	1
Beijerinckiaceae	31.3477857066339	0.491136853857168	0.23691160959348	1	0.899117916808944	1
BIrii41	31.8812706335475	0.498945967778657	0.466058638052213	1	0.518781772918371	1
Bryobacteraceae	35.7306182405867	0.36460408020089	3.6299296733298e-28	3.6662289700631e-26	1.10398052478782e-18	1.1150203300357e-16
Burkholderiaceae	32.1901155880554	0.505134401756608	0.660905267915775	1	0.298694301636352	1
Catenulisporaceae	28.9152341541659	0.571794772337472	0.999999996724969	1	0.999999999816894	1
Caulobacteraceae	33.7525836349984	0.406557935513465	2.15152510474604e-14	2.08697935160366e-12	3.83815129256146e-06	0.0003684625240859
Cellulomonadaceae	26.9612371134168	0.62373326407639	1	1	1	1
Cellvibrionaceae	27.8551614362161	0.59805535271291	0.999999999999999	1	1	1
Chitinophagaceae	31.8693235106344	0.480047591662858	0.0534322998491273	1	0.531804827535992	1
Chloroflexaceae	32.2963318131981	0.467427874683158	0.00424037379447803	0.398595136680935	0.193073211594684	1
Clostridiaceae	29.1402049536504	0.564806960322854	0.999999918552341	1	0.999999997651119	1
Comamonadaceae	85.1348496924282	0.002674712164881	0	0	0	0
Crocinitomicaceae	26.8201718950845	0.623056153777399	1	1	1	1
Cytophagaceae	28.5716512193214	0.590608825875564	0.999999999999878	1	0.999999999959093	1
Deinococcaceae	27.1221564408842	0.618358542973315	1	1	1	1
Devosiaceae	29.6942184026119	0.555963208372895	0.999996946472857	1	0.999995319364927	1
Dongiaceae	30.5509429736543	0.522170092130848	0.963406989286305	1	0.99731781728016	1
Enterobacteriaceae	28.2862849314094	0.588993205286688	0.999999999999681	1	0.99999999999993	1
Entotheonellaceae	27.6964233353405	0.603570892520756	1	1	1	1
env.OPS_17	30.6253988458312	0.543529844289928	0.999782471229364	1	0.992188106503997	1
Erwiniaceae	28.7711724645701	0.567786076993259	0.999999978505365	1	0.99999999999761	1
Fibrobacteraceae	37.7659926991632	0.319077477270849	1.02877450543948e-48	1.11107646587464e-46	9.10023838566238e-39	9.82825745651537e-37
Flavobacteriaceae	38.3423299146427	0.302737448162695	1.62664436826119e-57	1.82184169245253e-55	3.33868379518492e-47	3.73932585060711e-45
Frankiaceae	30.3471590290419	0.532168220169623	0.9953342514989	1	0.9993269266053	1
Gaiellaceae	37.1834471470797	0.323766655817162	2.50471696674811e-46	2.68004715442048e-44	1.33456850645992e-34	1.42798830191211e-32
Geminicoccaceae	28.4248779725535	0.580476624938234	0.999999999960814	1	0.999999999999972	1
Gemmatimonadaceae	45.2344200981177	0.170394848902373	1.2680632757604e-156	1.47095339988206e-154	8.18908749862764e-171	9.49934149840806e-169
Geobacteraceae	31.1208565496311	0.523845581749896	0.973014736092984	1	0.935921749049377	1
Geodermatophilaceae	28.7662121774538	0.575893692839833	0.999999999569693	1	0.999999999961771	1
Glycomycetaceae	29.544010702234	0.551160194346677	0.999982213176814	1	0.999999597238157	1
Gracilibacteraceae	32.1189034145618	0.493561127966257	0.301407952250386	1	0.33900270855787	1
Haliangiaceae	35.063018065706	0.397120552616445	4.61984890577967e-17	4.52745192766408e-15	5.3489591786634e-12	5.24197999509013e-10
Herpetosiphonaceae	28.6709160589861	0.581377190068149	0.999999999975913	1	0.999999999968121	1
Hymenobacteraceae	30.7205168082691	0.526570044235624	0.984113292213311	1	0.990830466720811	1
Hyphomicrobiaceae	32.2499957706505	0.506997930723943	0.714145216711785	1	0.263530373460197	1
Hyphomonadaceae	30.2739136443032	0.529347629945308	0.991147232005943	1	0.999707253849191	1
Iamiaceae	31.5966844674252	0.483712250890025	0.0940384936752627	1	0.756387074840495	1
Ilumatobacteraceae	30.3499845399423	0.524898770745462	0.977899842245754	1	0.99970209900043	1
Intrasporangiaceae	29.8812064698686	0.543413479132692	0.999774633970038	1	0.999988331835327	1
KF-JG30-B3	31.0231460676437	0.531308129877007	0.994299416588846	1	0.949731069793121	1
Kineosporiaceae	31.5405502640449	0.504281057270208	0.635318222812553	1	0.766594355585413	1
Latescibacteraceae	26.7360828121757	0.628568320682136	1	1	1	1
Leptospiraceae	29.4181993622759	0.572358890382335	0.999999997507327	1	0.999998743245272	1
Methyloligellaceae	28.804992753575	0.566032167376944	0.999999952586688	1	0.999999999999108	1
Methylophilaceae	36.1356088531502	0.354283839915273	2.59475224810565e-32	2.69854233802988e-30	1.61442841589422e-22	1.67900555252999e-20
Microbacteriaceae	31.8845926387878	0.492284484139766	0.266469152292526	1	0.516566074383709	1
Micrococcaceae	34.0347488480539	0.417662375771762	1.42530367652087e-11	1.36829152946004e-09	8.70759397860046e-07	8.44636615924245e-05
Micromonosporaceae	31.6751680977882	0.488397213307452	0.174205602824912	1	0.692528278297931	1
Micropepsaceae	30.3322147255279	0.544729754570705	0.999849722261754	1	0.998896670600221	1
Microscillaceae	35.2669142786843	0.384996652393665	7.43270898355841e-21	7.35838189372283e-19	2.96917041869061e-14	2.96917041869061e-12
Microtrichaceae	30.2587885208662	0.533244176261171	0.996391021575859	1	0.999795083017768	1
Mitochondria	28.5907207884939	0.577748789549397	0.999999999834209	1	0.999999999998735	1
Moraxellaceae	30.4866338770421	0.539095319928292	0.999209733714267	1	0.996977075376771	1
Mycobacteriaceae	38.1041481123882	0.304640608741553	1.88440725893541e-56	2.09169205741831e-54	1.2440778767887e-44	1.38092644323546e-42
Myxococcaceae	29.001495521436	0.586976209227926	0.99999999999896	1	0.999999989119085	1
Nakamurellaceae	28.9332902189446	0.567722835059979	0.999999977875894	1	0.999999999793401	1
Nannocystaceae	30.1484720177663	0.551789240776375	0.999985762449831	1	0.99965700978578	1
Nitrosomonadaceae	35.7575857377891	0.358799313951508	1.8404767517748e-30	1.89569105432804e-28	6.33540342208598e-20	6.4621114905277e-18
Nitrososphaeraceae	30.6245617015023	0.523592614016773	0.971715711210908	1	0.996034873641212	1
Nitrospiraceae	37.7355169280794	0.318721635992924	6.74046097585245e-49	7.34710246367917e-47	6.22559919685889e-39	6.78590312457619e-37
Nocardiaceae	30.3934420482589	0.532548514995084	0.995735749609394	1	0.998979930206352	1
Nocardioidaceae	37.6924204425122	0.306570752545277	2.20642378713284e-55	2.42706616584612e-53	3.33663565311367e-42	3.67029921842504e-40
NS9_marine_group	30.5218705889789	0.533369816901955	0.996499230488149	1	0.996898545926614	1
Oligoflexales_fa	30.5637659174532	0.535844684557669	0.99811490990387	1	0.995311002749924	1
Oxalobacteraceae	61.8461379561362	0.0425086978738905	1.61324092213869e-299	1.91975669734504e-297	0	0
Paenibacillaceae	29.4792964423619	0.556734759958918	0.999997730083372	1	0.999999712719526	1
Pedosphaeraceae	43.3836844761215	0.20944547786448	3.18389770956655e-122	3.66148236600153e-120	1.23125725540491e-124	1.41594584371565e-122
Peptostreptococcaceae	28.6184921290786	0.575253684475033	0.999999999405063	1	0.99999999999918	1
Phaselicystidaceae	32.167421265505	0.491792883511732	0.25358346995553	1	0.299884665737755	1
Phycisphaeraceae	31.9845751424073	0.466787866318358	0.0036370514304561	0.345519885893329	0.426380539106444	1
Planococcaceae	31.1755835045348	0.494807415664774	0.337375313490574	1	0.949894387116352	1
Polyangiaceae	28.0987010745609	0.589281588502448	0.999999999999731	1	1	1
Promicromonosporaceae	32.3705138568662	0.484688706339877	0.107973523518157	1	0.176663085943149	1
Propionibacteriaceae	31.0869013816992	0.513869377581325	0.868823992817286	1	0.954195518383131	1
Pseudohongiellaceae	31.6788241670483	0.513018562772257	0.853621093900415	1	0.666846074811631	1
Pseudomonadaceae	28.8524166504607	0.569011284047349	0.999999987773677	1	0.999999999974645	1
Pseudonocardiaceae	36.5289010274508	0.341064589408072	4.62842851158608e-38	4.90613422228124e-36	7.86260840346848e-27	8.33436490767659e-25
Reyranellaceae	30.0410342751933	0.551491582077067	0.999984176262529	1	0.999839252961363	1
Rhizobiaceae	32.1960167643162	0.47427318154145	0.0188038694704062	1	0.265034861993215	1
Rhizobiales_Incertae_Sedis	29.2098151264274	0.552011852381523	0.999986848651596	1	0.999999999414996	1
Rhodanobacteraceae	31.3427643022168	0.505587213998897	0.674195802306965	1	0.880773527147891	1
Rhodobacteraceae	28.8584566378839	0.57308406455062	0.999999998250248	1	0.999999999918567	1
Rhodocyclaceae	29.2593622517978	0.570606667217574	0.999999994218773	1	0.999999933452343	1
Roseiflexaceae	50.2344571085079	0.120617544830098	9.82018447607428e-207	1.14896158370069e-204	9.98431650366073e-251	1.16816503092831e-248
Rubrobacteriaceae	28.9711835311293	0.560047794037045	0.999999391173451	1	0.999999999965722	1
Saccharimonadaceae	29.8442292554574	0.534484561379247	0.997338916569735	1	0.999997356319466	1
Salisediminibacteriaceae	29.9490301541108	0.5438030494417	0.999799882952581	1	0.99997253241956	1
Sandaracinaceae	31.8771326622191	0.502175522504853	0.569780025040524	1	0.521433134405408	1
Saprospiraceae	27.4101395463839	0.60410887056653	1	1	1	1
SC-I-84	35.0699207102421	0.382543708608155	1.13112544270611e-21	1.13112544270611e-19	2.05079127182787e-13	2.03028335910959e-11
Solibacteraceae	39.0689211143301	0.283489976575188	7.52594758610785e-69	8.50432077230187e-67	1.73463577165857e-58	1.96013842197418e-56
Solimonadaceae	30.2406659934735	0.545281224228912	0.999873590655854	1	0.999505315955266	1
Solirubrobacteraceae	29.315877916495	0.5515860233641	0.999984696871113	1	0.999999992765289	1
Sphingomonadaceae	50.1570869745092	0.105775927927806	4.92518278842643e-223	5.81171569034319e-221	1.0686020642329e-275	1.26095043579482e-273
Sporichthyaceae	32.4218812756029	0.497254456869845	0.412203577075805	1	0.166786275863021	1
Staphylococcaceae	28.1386371882811	0.601028566802876	1	1	0.999999999999971	1
Steroidobacteraceae	32.4599599540091	0.497298304610253	0.413583411684721	1	0.145365521728759	1
Streptomycetaceae	30.2732459036691	0.531384020196944	0.994398296721172	1	0.99974016869578	1
Streptosporangiaceae	30.0275523150918	0.542958137213071	0.999741363023844	1	0.999930696366787	1
Sutterellaceae	28.3097390937032	0.582022257787612	0.999999999983056	1	0.999999999999994	1
Thermoanaerobaculaceae	27.7901324839212	0.607185801427075	1	1	1	1
Thermomonosporaceae	32.0434702884293	0.501535514140053	0.549378816639018	1	0.395275648600629	1
TRA3-20	30.273260074193	0.543078718499193	0.999750593317182	1	0.999346795342273	1
Unknown_Family	30.7527336804828	0.516771760706016	0.912355635726723	1	0.992942960509816	1
Xanthobacteraceae	35.9467761707196	0.360703317756143	1.06696121810741e-29	1.08830044246956e-27	1.64351277538325e-20	1.69281815864475e-18
Xanthomonadaceae	40.3734059894421	0.255235167236968	2.1876422010309e-87	2.49391210917523e-85	2.16871951156537e-79	2.47234024318452e-77
