Family	Mean	P_value_F	P_value_W	P_adjust_W	P_value_T	P_adjust_T
67-14	36.0395025888731	0.632690008280477	1	1	1	1
A21b	41.8604374068006	0.522458475346608	0.965236084510608	1	0.999999006462564	1
A4b	42.2743228397132	0.529838387347566	0.992053853241477	1	0.999962547685535	1
Acidobacteriaceae_(Subgroup_1)	37.2556605176752	0.612300808990811	1	1	1	1
Acidobacteriae_fa	39.6682571095871	0.561851453974207	0.999999711118081	1	0.999999999999999	1
Acidothermaceae	38.3374116749983	0.602921608672409	1	1	1	1
AKYH767	40.6114154392402	0.559757724369731	0.999999314935316	1	0.999999999563697	1
Alcaligenaceae	34.5484505852797	0.664023434930796	1	1	1	1
Alicyclobacillaceae	40.8425285528657	0.557331763809087	0.999998200136541	1	0.999999996422481	1
All_BS	70.8726588395093	0.128254640693064	1.36865745602209e-198	1.60132922354585e-196	4.05693505293153e-221	4.74661401192989e-219
All_PM	45.2893905447991	0.499541285177271	0.500013592969285	1	0.5	1
B1-7BS	39.4022971869126	0.576712465069372	0.999999999716774	1	0.999999999999998	1
Bacillaceae	38.8841634585221	0.570125185298864	0.99999999274015	1	1	1
Bacteriovoracaceae	41.7520858302458	0.542281870139857	0.99968341868971	1	0.999997635015352	1
Bdellovibrionaceae	40.1296760682259	0.553746367804965	0.999992988331723	1	0.999999999999694	1
Beijerinckiaceae	36.3526915824688	0.636768691364188	1	1	1	1
BIrii41	40.9034894866571	0.546508960960333	0.999914568935817	1	0.999999998344819	1
Bryobacteraceae	37.4372797918849	0.609677533598331	1	1	1	1
Burkholderiaceae	42.2658347296275	0.523216535320198	0.969688618385055	1	0.999976898865263	1
Catenulisporaceae	40.8924897288788	0.548264557028203	0.999951999852935	1	0.999999998260975	1
Caulobacteraceae	39.4193642731448	0.564084315831901	0.999999888432922	1	1	1
Cellulomonadaceae	43.8027436381781	0.50616566688197	0.690855377320782	1	0.971418536083657	1
Cellvibrionaceae	42.6443723163381	0.516299554270854	0.906121449765338	1	0.99980159199933	1
Chitinophagaceae	38.3641424827546	0.591420852298886	0.999999999999926	1	1	1
Chloroflexaceae	36.9900967455784	0.614897944384201	1	1	1	1
Clostridiaceae	37.5534277778019	0.606453038226797	1	1	1	1
Comamonadaceae	73.5850546803343	0.110527505181622	9.52207700592477e-218	1.13312716370505e-215	1.03796546859505e-258	1.23517890762811e-256
Crocinitomicaceae	37.3997985452858	0.610360546477762	1	1	1	1
Cytophagaceae	42.5080620040493	0.524062290774604	0.974087605991982	1	0.999873979149884	1
Deinococcaceae	38.6723480067281	0.577120586345476	0.999999999770439	1	1	1
Devosiaceae	41.7777460337315	0.539061590897209	0.999202309525435	1	0.999997447936649	1
Dongiaceae	35.1557992287841	0.651318552147612	1	1	1	1
Enterobacteriaceae	40.4566288736668	0.556490224483566	0.99999750537651	1	0.999999999978496	1
Entotheonellaceae	40.2079339998222	0.566562556390724	0.999999962597797	1	0.999999999990479	1
env.OPS_17	43.0621854113004	0.508492970026697	0.753755882830026	1	0.998546223073862	1
Erwiniaceae	40.7877817170058	0.546200340325924	0.999905643524933	1	0.99999999962321	1
Fibrobacteraceae	48.7442062966064	0.382469504739772	1.06785764308742e-21	1.15328625453441e-19	2.56147209688939e-07	2.76638986464054e-05
Flavobacteriaceae	62.8669897532554	0.195469010609467	4.86691906736288e-134	5.64562611814094e-132	5.25513168431614e-121	6.09595275380672e-119
Frankiaceae	36.877196583115	0.622324233802898	1	1	1	1
Gaiellaceae	45.8708935567319	0.431906145598108	1.86709213905591e-08	1.99778858878982e-06	0.195572950635606	1
Geminicoccaceae	41.5638698670458	0.531902604049845	0.995034156713674	1	0.999999824047487	1
Gemmatimonadaceae	62.087927744001	0.196477508638848	3.61704850850863e-133	4.15960578478492e-131	9.45657124575594e-115	1.08750569326193e-112
Geobacteraceae	40.294452632507	0.567555033130341	0.999999976117841	1	0.999999999978277	1
Geodermatophilaceae	39.6025419830284	0.561434057214555	0.999999656093762	1	1	1
Glycomycetaceae	40.1924804254658	0.561160008837006	0.999999614614696	1	0.999999999997456	1
Gracilibacteraceae	39.4467339682345	0.571111759458042	0.99999999545458	1	1	1
Haliangiaceae	38.2804585244061	0.589161850442103	0.999999999999711	1	1	1
Herpetosiphonaceae	42.8466137032013	0.516422665234307	0.907777481108645	1	0.999308028314085	1
Hymenobacteraceae	39.5775679838589	0.578371090172878	0.999999999880196	1	0.999999999999976	1
Hyphomicrobiaceae	37.5014390486909	0.604355935719213	1	1	1	1
Hyphomonadaceae	38.5264851366955	0.584901873816322	0.999999999996589	1	1	1
Iamiaceae	35.3480236646437	0.659501215088345	1	1	1	1
Ilumatobacteraceae	37.8077841703807	0.598962663649043	0.999999999999999	1	1	1
Intrasporangiaceae	37.569786769073	0.603975640893752	1	1	1	1
KF-JG30-B3	41.6247108378977	0.544522321029545	0.999839698376361	1	0.999998913033514	1
Kineosporiaceae	39.0737147760733	0.580109821725206	0.999999999952295	1	1	1
Latescibacteraceae	40.4792093903911	0.543907609438057	0.999806195254211	1	0.999999999995142	1
Leptospiraceae	39.1616083297119	0.577842387610652	0.999999999842091	1	1	1
Methyloligellaceae	38.5342458646811	0.584720580274251	0.99999999999622	1	1	1
Methylophilaceae	52.5650997540299	0.321452844284869	1.69418634002273e-47	1.89748870082546e-45	1.38627225857167e-25	1.55262492960027e-23
Microbacteriaceae	42.193193999307	0.523521783051499	0.971342794649387	1	0.999983336760696	1
Micrococcaceae	40.3242091250874	0.544980192626497	0.999861041941424	1	0.999999999999762	1
Micromonosporaceae	39.8939192343298	0.550999138223256	0.999981177610447	1	0.999999999999996	1
Micropepsaceae	38.9939248412251	0.577182141827203	0.999999999777619	1	1	1
Microscillaceae	38.1978742654035	0.590584372328028	0.999999999999877	1	1	1
Microtrichaceae	39.6245516474489	0.573482910343176	0.999999998561773	1	0.999999999999989	1
Mitochondria	38.1676860091869	0.59702914694221	0.999999999999998	1	1	1
Moraxellaceae	39.6630767867685	0.57491723738998	0.999999999295345	1	0.999999999999968	1
Mycobacteriaceae	38.7818938203918	0.576890385708335	0.999999999741527	1	1	1
Myxococcaceae	36.3546092459808	0.636600046208773	1	1	1	1
Nakamurellaceae	34.2996618757696	0.671157125004849	1	1	1	1
Nannocystaceae	43.3631161154755	0.50588908882709	0.682936032243983	1	0.994628365047177	1
Nitrosomonadaceae	50.9411343966309	0.349606466529839	2.73113232723724e-34	3.03155688323334e-32	4.77742191606599e-16	5.30293832683325e-14
Nitrososphaeraceae	39.3396904293791	0.567167149272886	0.999999971520101	1	1	1
Nitrospiraceae	42.5710321150191	0.495260227907063	0.350843880875451	1	0.999968856795133	1
Nocardiaceae	38.2236445460169	0.590793492320743	0.999999999999891	1	1	1
Nocardioidaceae	49.5763193032064	0.365349491787824	7.04259928933906e-28	7.74685921827297e-26	1.55092018656523e-10	1.70601220522175e-08
NS9_marine_group	40.0831721991714	0.560134646292083	0.999999412365692	1	0.999999999999475	1
Oligoflexales_fa	38.4608626852786	0.592583660645473	0.999999999999963	1	1	1
Oxalobacteraceae	78.492373947263	0.0876001963029609	7.5999450045907e-244	9.19593345555475e-242	1.92315828326769e-316	2.32702152275391e-314
Paenibacillaceae	40.0665527151213	0.568715311799596	0.99999998597613	1	0.999999999993922	1
Pedosphaeraceae	56.7710771407613	0.268149170012868	1.23703364315571e-78	1.39784801676595e-76	4.77321875375627e-56	5.39373719174458e-54
Peptostreptococcaceae	35.9758824076387	0.639801774484325	1	1	1	1
Phaselicystidaceae	39.881834045667	0.5641652655065	0.999999892279271	1	0.999999999999916	1
Phycisphaeraceae	40.7538271289842	0.547641413178944	0.99994097134832	1	0.999999999731047	1
Planococcaceae	36.3748662388871	0.626459413013672	1	1	1	1
Polyangiaceae	35.6834438532178	0.645498607834242	1	1	1	1
Promicromonosporaceae	32.4649370466482	0.704364199331828	1	1	1	1
Propionibacteriaceae	39.2536791662617	0.572609328438127	0.999999997793248	1	1	1
Pseudohongiellaceae	38.9335954467133	0.583524886122359	0.99999999999261	1	1	1
Pseudomonadaceae	39.9422961119333	0.561477061729186	0.99999966219917	1	0.999999999999957	1
Pseudonocardiaceae	35.2701617208535	0.648058641293441	1	1	1	1
Reyranellaceae	37.143689875513	0.612140596093166	1	1	1	1
Rhizobiaceae	38.7311875906903	0.575756247038169	0.999999999538588	1	1	1
Rhizobiales_Incertae_Sedis	40.0389473684277	0.550886145969128	0.999980417196802	1	0.999999999999973	1
Rhodanobacteraceae	35.8312219116198	0.63894421386904	1	1	1	1
Rhodobacteraceae	40.8614581343034	0.549405441504585	0.999967335323713	1	0.999999998006819	1
Rhodocyclaceae	36.4409067197802	0.630434379326802	1	1	1	1
Roseiflexaceae	76.0566675296971	0.0924040535549556	2.96720509035659e-238	3.56064610842791e-236	1.33927787153271e-294	1.60713344583925e-292
Rubrobacteriaceae	46.978121282461	0.474232706704151	0.0186540902347031	1	0.0248536382706745	1
Saccharimonadaceae	37.6661117454081	0.595323301195188	0.999999999999993	1	1	1
Salisediminibacteriaceae	38.071704426893	0.589902202674375	0.999999999999814	1	1	1
Sandaracinaceae	39.8437710635304	0.571335214288967	0.999999995915473	1	0.999999999999782	1
Saprospiraceae	42.6847942766355	0.521661626987272	0.959990637787923	1	0.999647941211334	1
SC-I-84	44.9678562246777	0.451139282347406	3.92944103719823e-05	0.00416520749943012	0.680293698109933	1
Solibacteraceae	34.9491791457138	0.657900772563457	1	1	1	1
Solimonadaceae	38.9956973932769	0.577296820532885	0.999999999790416	1	1	1
Solirubrobacteraceae	38.4986526972091	0.57992431205425	0.999999999947321	1	1	1
Sphingomonadaceae	71.2326150575848	0.119784437762349	1.24079488552962e-207	1.46413796492495e-205	1.75071560351542e-232	2.0658444121482e-230
Sporichthyaceae	42.0845084191286	0.528211804823589	0.988694019252071	1	0.999987495094864	1
Staphylococcaceae	38.4865059979135	0.592735441285346	0.999999999999967	1	1	1
Steroidobacteraceae	38.7698394288121	0.580037304308378	0.999999999950408	1	1	1
Streptomycetaceae	42.8889800211394	0.506225535912143	0.692558179806178	1	0.999555115445298	1
Streptosporangiaceae	37.0492069748279	0.614068210219559	1	1	1	1
Sutterellaceae	40.2206180830376	0.563866763581416	0.999999877426769	1	0.999999999993558	1
Thermoanaerobaculaceae	42.4408837785646	0.522879245009368	0.96776956648385	1	0.999903786563004	1
Thermomonosporaceae	43.3404865329006	0.507141279106046	0.718070863766524	1	0.994688918065374	1
TRA3-20	41.5226739834496	0.541675590806141	0.999621421340806	1	0.999999429399443	1
Unknown_Family	38.0617637517377	0.592184814852916	0.999999999999953	1	1	1
Xanthobacteraceae	49.1882348533687	0.372683026371043	3.94632703312661e-25	4.30149646610801e-23	6.93454459545287e-09	7.55865360904363e-07
Xanthomonadaceae	58.6326964932095	0.246225299808925	8.99822819842712e-94	1.02579801462069e-91	1.52561141437356e-72	1.73919701238586e-70
