Family	Mean	P_value_F	P_value_W	P_adjust_W	P_value_T	P_adjust_T
67-14	22.3987053594059	0.694759857730947	1	1	1	1
A21b	21.0877842105032	0.740930685154673	1	1	1	1
A4b	24.6865794128049	0.617562537839757	1	1	1	1
Acidobacteriaceae_(Subgroup_1)	23.5926684529617	0.652440885656898	1	1	1	1
Acidobacteriae_fa	23.8447862050358	0.64500616398043	1	1	1	1
Acidothermaceae	26.3957009967931	0.569624309187282	0.999999990813713	1	0.999999999714175	1
AKYH767	26.3118161819815	0.559400196640251	0.999999208285852	1	0.999999999983046	1
Alcaligenaceae	25.0923906188259	0.601977195802085	1	1	1	1
Alicyclobacillaceae	25.6412122737577	0.585004747361125	0.999999999996782	1	1	1
All_BS	59.7993239198426	0.0320493253350558	0	0	0	0
All_PM	29.1109249404246	0.499541285177271	0.500013592969285	1	0.5	1
B1-7BS	22.9354786542872	0.670975831462778	1	1	1	1
Bacillaceae	22.6500884628645	0.677802587353974	1	1	1	1
Bacteriovoracaceae	26.8449686019003	0.551258851762595	0.999982820559008	1	0.99999987417098	1
Bdellovibrionaceae	24.5646468446718	0.622507213796523	1	1	1	1
Beijerinckiaceae	20.6250115061836	0.756946072338653	1	1	1	1
BIrii41	25.4908261576303	0.586909594391537	0.999999999998919	1	1	1
Bryobacteraceae	20.7264332988396	0.748023900391425	1	1	1	1
Burkholderiaceae	25.198656948188	0.600708984233364	1	1	1	1
Catenulisporaceae	23.6790087686996	0.6542909230118	1	1	1	1
Caulobacteraceae	21.6673425715451	0.72130713487059	1	1	1	1
Cellulomonadaceae	27.5099370610439	0.540386298592993	0.999450367516305	1	0.999764819449805	1
Cellvibrionaceae	26.6031890574374	0.571776221370377	0.999999996695552	1	0.999999981331993	1
Chitinophagaceae	21.0049796489721	0.742601958644835	1	1	1	1
Chloroflexaceae	19.7007944769252	0.788686777039299	1	1	1	1
Clostridiaceae	24.281092281161	0.626294983987142	1	1	1	1
Comamonadaceae	40.8067947134854	0.202416347786785	4.26255274391067e-128	5.1150632926928e-126	1.21966857305462e-122	1.46360228766554e-120
Crocinitomicaceae	22.9358996707109	0.678736038289196	1	1	1	1
Cytophagaceae	26.9412585763125	0.547082354488744	0.999929082256866	1	0.999999696863956	1
Deinococcaceae	23.8254606754821	0.649414548342977	1	1	1	1
Devosiaceae	25.9513599650273	0.572560421343056	0.999999997740043	1	0.999999999999974	1
Dongiaceae	22.301087771138	0.696910083462487	1	1	1	1
Enterobacteriaceae	27.0651084132361	0.546126979683318	0.999903396605341	1	0.999998207559285	1
Entotheonellaceae	27.3802601790065	0.527386286787833	0.986558551776968	1	0.999975594021304	1
env.OPS_17	26.4491504459673	0.556785353505542	0.999997774089058	1	0.999999999789096	1
Erwiniaceae	25.574430390806	0.59614713277939	0.999999999999996	1	1	1
Fibrobacteraceae	22.7293001161366	0.679262211174091	1	1	1	1
Flavobacteriaceae	22.6116787126727	0.682435269773223	1	1	1	1
Frankiaceae	26.6952930867832	0.553248864596491	0.999991585979326	1	0.999999991871045	1
Gaiellaceae	21.0759912218114	0.739845453579578	1	1	1	1
Geminicoccaceae	23.8573351048186	0.650483758628308	1	1	1	1
Gemmatimonadaceae	26.9767438244416	0.536103554871231	0.998236867066931	1	0.99999985194363	1
Geobacteraceae	22.1129081111325	0.706696561831217	1	1	1	1
Geodermatophilaceae	21.5760653648877	0.728262061079902	1	1	1	1
Glycomycetaceae	23.2632724584549	0.66797141801906	1	1	1	1
Gracilibacteraceae	25.8757641373866	0.574050401291147	0.999999998913784	1	0.999999999999997	1
Haliangiaceae	21.053182452871	0.73875516264982	1	1	1	1
Herpetosiphonaceae	25.2432882573419	0.61011601100241	1	1	1	1
Hymenobacteraceae	26.1037534162439	0.573123696162142	0.999999998283929	1	0.999999999998407	1
Hyphomicrobiaceae	22.1826945052487	0.705683004447173	1	1	1	1
Hyphomonadaceae	23.1522515088037	0.668910771534722	1	1	1	1
Iamiaceae	23.2801127584238	0.667066636760259	1	1	1	1
Ilumatobacteraceae	21.8351509695459	0.713847959646587	1	1	1	1
Intrasporangiaceae	24.2168383457416	0.634167339841912	1	1	1	1
KF-JG30-B3	27.9468253300356	0.525313637827783	0.979607717768112	1	0.994611140559321	1
Kineosporiaceae	25.3584019507234	0.600520944885077	1	1	1	1
Latescibacteraceae	26.543490037764	0.555184067754878	0.999995895946791	1	0.999999997675107	1
Leptospiraceae	24.7085380679907	0.606708535637251	1	1	1	1
Methyloligellaceae	20.8866199579278	0.746038103686414	1	1	1	1
Methylophilaceae	20.3243854371378	0.769053108045892	1	1	1	1
Microbacteriaceae	23.1155099736871	0.667941905116863	1	1	1	1
Micrococcaceae	22.5212327378539	0.692205726852188	1	1	1	1
Micromonosporaceae	22.2225658182254	0.702714006486093	1	1	1	1
Micropepsaceae	24.2504895210246	0.644108128527846	1	1	1	1
Microscillaceae	22.7469711986245	0.683880558755129	1	1	1	1
Microtrichaceae	26.2357929323095	0.570959135592391	0.999999995111126	1	0.999999999978978	1
Mitochondria	24.7368373031285	0.620481785479989	1	1	1	1
Moraxellaceae	26.2948342439921	0.560832837235501	0.999999558767732	1	0.999999999992589	1
Mycobacteriaceae	23.7837342317937	0.64430291368235	1	1	1	1
Myxococcaceae	23.4146792281028	0.663568936236953	1	1	1	1
Nakamurellaceae	22.2246159656929	0.704312762559426	1	1	1	1
Nannocystaceae	25.5454050544317	0.59525078377836	0.999999999999993	1	1	1
Nitrosomonadaceae	23.6913607428071	0.649930602518547	1	1	1	1
Nitrososphaeraceae	20.7268237849939	0.753117827310734	1	1	1	1
Nitrospiraceae	21.2170583752646	0.739170029732141	1	1	1	1
Nocardiaceae	22.8090339362415	0.682969874915888	1	1	1	1
Nocardioidaceae	22.6029981332157	0.688615271493403	1	1	1	1
NS9_marine_group	27.423794742878	0.524527751403549	0.976271701878333	1	0.99996430729446	1
Oligoflexales_fa	26.8986986033742	0.54075057212869	0.999504808308875	1	0.99999994263711	1
Oxalobacteraceae	29.2185956966172	0.445950070915288	6.26868018104391e-06	0.000745972941544225	0.395857355316685	1
Paenibacillaceae	26.2705895980384	0.573664203885247	0.999999998684842	1	0.999999999956371	1
Pedosphaeraceae	27.2587815990539	0.52773875516265	0.987509570872653	1	0.999994637944053	1
Peptostreptococcaceae	22.1032754751839	0.707062521818467	1	1	1	1
Phaselicystidaceae	24.1535125184251	0.63582259204231	1	1	1	1
Phycisphaeraceae	22.8027786017673	0.68425495100015	1	1	1	1
Planococcaceae	19.9078309664431	0.783589477216883	1	1	1	1
Polyangiaceae	23.0503503229434	0.678813615060687	1	1	1	1
Promicromonosporaceae	21.686248071482	0.7197766800852	1	1	1	1
Propionibacteriaceae	21.2307835647447	0.733521260251517	1	1	1	1
Pseudohongiellaceae	27.1450517555326	0.531627712446518	0.99470559207616	1	0.99999841504731	1
Pseudomonadaceae	23.6563523100536	0.65432549526866	1	1	1	1
Pseudonocardiaceae	22.4329586568447	0.696397402190026	1	1	1	1
Reyranellaceae	27.2270783511422	0.539414902497803	0.999276986669843	1	0.999993215262338	1
Rhizobiaceae	21.1886460357227	0.734830789883314	1	1	1	1
Rhizobiales_Incertae_Sedis	21.2298939604983	0.735703528562587	1	1	1	1
Rhodanobacteraceae	22.3747716362986	0.700073866578072	1	1	1	1
Rhodobacteraceae	24.9020492382686	0.603329729948513	1	1	1	1
Rhodocyclaceae	24.8354028320185	0.620797151920615	1	1	1	1
Roseiflexaceae	27.9325130977265	0.492868839603279	0.282205386777604	1	0.998397787719114	1
Rubrobacteriaceae	23.0902962272786	0.670624206313737	1	1	1	1
Saccharimonadaceae	21.8506992969374	0.717962058212935	1	1	1	1
Salisediminibacteriaceae	23.3646497358306	0.663890205258019	1	1	1	1
Sandaracinaceae	24.298477885344	0.63129699929675	1	1	1	1
Saprospiraceae	27.3562517583606	0.537146625157472	0.99865890651857	1	0.999954546535791	1
SC-I-84	19.821562552262	0.783021986268911	1	1	1	1
Solibacteraceae	23.5258794057126	0.654178773983449	1	1	1	1
Solimonadaceae	25.2132135312596	0.600806798423505	1	1	1	1
Solirubrobacteraceae	20.780960774583	0.74934860808721	1	1	1	1
Sphingomonadaceae	25.8614854656124	0.565858462866866	0.999999948776903	1	1	1
Sporichthyaceae	23.3704304066381	0.664061380090765	1	1	1	1
Staphylococcaceae	25.8654183765427	0.57975988302772	0.999999999942492	1	0.999999999999987	1
Steroidobacteraceae	23.3359937225184	0.671376363706888	1	1	1	1
Streptomycetaceae	22.982947078974	0.683195016198367	1	1	1	1
Streptosporangiaceae	27.4873596566065	0.534563824602293	0.9973910488384	1	0.999866670604762	1
Sutterellaceae	25.9174819136562	0.587611158238063	0.999999999999281	1	0.999999999999802	1
Thermoanaerobaculaceae	28.160601592987	0.512472152468712	0.843256686473528	1	0.983470768831075	1
Thermomonosporaceae	26.1098440967503	0.578062469538469	0.999999999859209	1	0.999999999997865	1
TRA3-20	24.6658688770854	0.626237644634301	1	1	1	1
Unknown_Family	20.4669216655117	0.764439819819516	1	1	1	1
Xanthobacteraceae	20.9671045480187	0.741031872247922	1	1	1	1
Xanthomonadaceae	24.9098185681443	0.608292113646597	1	1	1	1
