Family	Mean	P_value_F	P_value_W	P_adjust_W	P_value_T	P_adjust_T
67-14	22.9360501478564	0.529936201537706	0.992224464516139	1	0.999999978499745	1
A21b	24.401969678593	0.478014574314331	0.0378050919978194	1	0.85276538650195	1
A4b	24.776419268926	0.49469020728176	0.333921880254392	1	0.484866621801368	1
Acidobacteriaceae_(Subgroup_1)	22.5528370091177	0.556393253519203	0.999997410496518	1	0.999999999781752	1
Acidobacteriae_fa	23.4395057413578	0.524811075264646	0.977523772658741	1	0.999873424039489	1
Acidothermaceae	23.1797219410424	0.522081553424256	0.962829881301355	1	0.999998322745794	1
AKYH767	24.1859997505635	0.505414352714597	0.669147065716334	1	0.939201596872455	1
Alcaligenaceae	22.9605156105297	0.55332138201332	0.999991805854775	1	0.999999307693495	1
Alicyclobacillaceae	22.3521061178267	0.572951678103619	0.999999998133009	1	0.999999999981211	1
All_BS	55.8209812320054	0.0176006516448805	0	0	0	0
All_PM	24.7616101875984	0.499541285177271	0.500013592969285	1	0.5	1
B1-7BS	23.8056129656719	0.514776688517457	0.883794916019811	1	0.99524976025151	1
Bacillaceae	28.9837644175893	0.315267783210026	1.06601767186997e-50	1.09799820202607e-48	2.61534918408291e-33	2.6938096596054e-31
Bacteriovoracaceae	23.0342354519799	0.538028639320293	0.998941373987973	1	0.999999571501493	1
Bdellovibrionaceae	23.0460334796741	0.540086110216355	0.999401399528629	1	0.999999259239453	1
Beijerinckiaceae	25.2579102710815	0.45255337197556	6.2939672716174e-05	0.00522399283544244	0.0820627308917502	1
BIrii41	22.7106472750444	0.555781071605047	0.999996726832703	1	0.999999987326897	1
Bryobacteraceae	26.9585199282593	0.396409713286371	2.84167418123723e-17	2.81325743942486e-15	8.65959589591718e-10	8.57299993695801e-08
Burkholderiaceae	25.2926173314032	0.452363646175718	5.91272710992446e-05	0.00496669077233655	0.0683171911775085	1
Catenulisporaceae	23.4993616664628	0.539933486350704	0.999374985728989	1	0.999463016657545	1
Caulobacteraceae	25.7627019214621	0.423473887827361	3.11629962582027e-10	2.92932164827105e-08	0.00173506720508923	0.15789111566312
Cellulomonadaceae	25.2414832802267	0.46123269489899	0.000865243514344269	0.0683542376331973	0.0973651908737724	1
Cellvibrionaceae	22.7488814795117	0.550454414371266	0.999977234557577	1	0.999999990908392	1
Chitinophagaceae	24.9175251785565	0.455201944141352	0.000147107777519234	0.011915729979058	0.32563740644907	1
Chloroflexaceae	26.2203367615774	0.418159878980236	1.87183664164147e-11	1.7782448095594e-09	2.74316710595263e-05	0.002606008750655
Clostridiaceae	22.5429707372573	0.55596742450178	0.99999695138616	1	0.999999999848308	1
Comamonadaceae	54.6408314807861	0.0272184848581947	0	0	0	0
Crocinitomicaceae	22.602856478098	0.555286098073904	0.99999605096137	1	0.999999999457059	1
Cytophagaceae	24.6196843294984	0.500247065152683	0.507964948261329	1	0.64095652003498	1
Deinococcaceae	23.1959287240983	0.523908823683176	0.973331595321483	1	0.999997378125197	1
Devosiaceae	23.0604946474107	0.538489040594575	0.999066080610485	1	0.999999081466636	1
Dongiaceae	24.2618270733448	0.49296075121298	0.284720610616277	1	0.915721341202547	1
Enterobacteriaceae	22.137783039382	0.572065447811913	0.999999997126293	1	0.999999999999968	1
Entotheonellaceae	24.2464790663734	0.489409084239942	0.196026143475978	1	0.929698171115956	1
env.OPS_17	23.0717087266203	0.534418789768636	0.997294945653741	1	0.999999327136717	1
Erwiniaceae	23.3201728486982	0.538451095434607	0.999056337190559	1	0.999949912254446	1
Fibrobacteraceae	35.7041497872386	0.168916674115161	5.20210209737088e-158	5.77433332808168e-156	3.19030792376464e-161	3.54124179537875e-159
Flavobacteriaceae	37.1426025924546	0.138073161641322	2.31175584029705e-188	2.5891665411327e-186	2.82925975141886e-208	3.19706351910331e-206
Frankiaceae	23.950221686493	0.505515539807846	0.672106231372038	1	0.988203924060145	1
Gaiellaceae	32.4588981171849	0.228630550744484	6.62822682703256e-107	7.02592043665451e-105	1.7442992881394e-93	1.84895724542776e-91
Geminicoccaceae	23.27093149741	0.529005280279816	0.990462255005736	1	0.999986543646353	1
Gemmatimonadaceae	43.2109814853891	0.0776602508428042	1.26874675526475e-255	1.45905876855446e-253	0	0
Geobacteraceae	25.7417843263542	0.439313040823933	4.68573558919453e-07	4.12344731849119e-05	0.0036135890653013	0.321609426811816
Geodermatophilaceae	23.699147993017	0.501723553488341	0.555388880866647	1	0.99909980945269	1
Glycomycetaceae	24.300642694801	0.500360057406811	0.511606754192009	1	0.890365268327136	1
Gracilibacteraceae	23.9485934459123	0.508062081654611	0.742649257021354	1	0.987746448954626	1
Haliangiaceae	29.2884670666313	0.312311433635602	2.88065760298e-52	2.9958839070992e-50	2.60503874843153e-36	2.70924029836879e-34
Herpetosiphonaceae	25.1909774038761	0.483262811550844	0.0880900454097366	1	0.138467303432521	1
Hymenobacteraceae	25.7750976314547	0.44390271872855	2.90093595358999e-06	0.000252381427962329	0.00308736906537594	0.277863215883835
Hyphomicrobiaceae	23.5433148347546	0.528122422891219	0.988478005978766	1	0.999465208717331	1
Hyphomonadaceae	21.8465912892959	0.581120849431919	0.99999999997232	1	1	1
Iamiaceae	24.360778892981	0.485208976644332	0.115978708266743	1	0.871644786243901	1
Ilumatobacteraceae	25.9247896954378	0.432866579758197	2.89179807063823e-08	2.68937220569355e-06	0.000660800903656946	0.061454484040096
Intrasporangiaceae	23.3557929900561	0.529904158958178	0.992168933050658	1	0.999950738872591	1
KF-JG30-B3	23.6905475947139	0.520042633495289	0.94735582245368	1	0.99835506188084	1
Kineosporiaceae	24.660628672896	0.484920593428573	0.111490922495287	1	0.608272097618465	1
Latescibacteraceae	22.2622883464318	0.562031061064724	0.999999732088802	1	0.999999999999885	1
Leptospiraceae	25.481001023231	0.465022994766941	0.00235184531247295	0.181092089060417	0.0300138608257165	1
Methyloligellaceae	25.0673463506749	0.452580355200426	6.35003374644504e-05	0.00522399283544244	0.187968792906336	1
Methylophilaceae	34.6574099152995	0.178836382156668	8.03878967329546e-149	8.84266864062501e-147	3.97216358142113e-145	4.36937993956324e-143
Microbacteriaceae	24.0116575815955	0.513484866626979	0.862093903342576	1	0.975215562420459	1
Micrococcaceae	26.2423364726192	0.414082039122303	1.91342813424824e-12	1.85602529022079e-10	1.5481864131496e-05	0.00148625895662362
Micromonosporaceae	26.3142603541165	0.416376456461723	6.99500093815797e-12	6.71520090063165e-10	8.29693586550611e-06	0.000804802778954093
Micropepsaceae	23.8908874057249	0.514143425958874	0.873479964001594	1	0.990486239032625	1
Microscillaceae	27.7776132183546	0.369234232942807	2.10133035564012e-26	2.10133035564012e-24	1.11349379937459e-16	1.12462873736834e-14
Microtrichaceae	24.9208648393778	0.468073785628397	0.00493848852822889	0.370386639617167	0.327632187522457	1
Mitochondria	23.9588602810446	0.502850103126513	0.591082390811291	1	0.986996926544803	1
Moraxellaceae	24.9547853341092	0.477495147235653	0.0344768917556835	1	0.302536924334288	1
Mycobacteriaceae	29.0573856802602	0.322190666839809	4.01443673385791e-47	4.09472546853507e-45	5.33259251520738e-32	5.43924436551153e-30
Myxococcaceae	23.8410054914026	0.502973214089965	0.594943146125803	1	0.996050281203981	1
Nakamurellaceae	23.5796526940231	0.515694118162915	0.897657281306401	1	0.999650802117696	1
Nannocystaceae	24.7569902607755	0.475309506021475	0.0230021228781032	1	0.505093874605701	1
Nitrosomonadaceae	37.9720503941959	0.136191924932668	2.66359731616515e-190	3.00986496726662e-188	1.29188664767757e-204	1.44691304539888e-202
Nitrososphaeraceae	24.9958403345556	0.467086368243443	0.00390813942459987	0.29701859626959	0.25938335536959	1
Nitrospiraceae	34.9664140816737	0.184011258750576	3.87492391172299e-144	4.22366706377806e-142	3.04592233556002e-142	3.32005534576042e-140
Nocardiaceae	24.2878900298849	0.499188816802454	0.4738658553898	1	0.89910691790952	1
Nocardioidaceae	34.0268000981084	0.214646494457477	5.73711439446973e-118	6.19608354602731e-116	5.44002375939003e-105	5.87522566014123e-103
NS9_marine_group	23.8561151880464	0.510844726718958	0.809597253604608	1	0.99399492397071	1
Oligoflexales_fa	25.9570195465535	0.432974512657662	3.03641669970676e-08	2.79350336373022e-06	0.000531943756963306	0.0500027131545508
Oxalobacteraceae	51.1773736459942	0.029490135101634	0	0	0	0
Paenibacillaceae	24.7356068764868	0.476681434360776	0.0297498763679029	1	0.528544211613049	1
Pedosphaeraceae	42.7716378771928	0.076506717979766	5.22960052968471e-257	6.06633661443426e-255	0	0
Peptostreptococcaceae	25.5910057764071	0.438072655705856	2.79834847136434e-07	2.49053013951426e-05	0.00980541313270098	0.853070942544985
Phaselicystidaceae	23.499463143026	0.506428753324418	0.698307063474722	1	0.999923882283294	1
Phycisphaeraceae	23.8381455715222	0.497620416857095	0.423751553682599	1	0.996471090568152	1
Planococcaceae	24.4822224301665	0.476810447904668	0.0304613386311844	1	0.787716433376852	1
Polyangiaceae	24.8747720794769	0.468289651427328	0.00519366102615686	0.384330915935608	0.376485436247982	1
Promicromonosporaceae	25.409512452965	0.451634255878548	4.64043325421147e-05	0.00394436826607975	0.0368197777150276	1
Propionibacteriaceae	22.4250422555984	0.550431647275285	0.999977053789388	1	0.999999999999654	1
Pseudohongiellaceae	22.1567895341693	0.572609328438127	0.999999997793248	1	0.999999999999939	1
Pseudomonadaceae	24.5126817315738	0.484289017321544	0.102099671478702	1	0.752155248415832	1
Pseudonocardiaceae	26.8488173648775	0.400994331836326	6.16506244095207e-16	6.04176119213303e-14	7.99944566883616e-09	7.83945675545944e-07
Reyranellaceae	24.4919900630387	0.4867402746555	0.141954258806155	1	0.77222936670167	1
Rhizobiaceae	25.1347592354635	0.456356320230167	0.000210108712626367	0.0168086970101094	0.149390681938454	1
Rhizobiales_Incertae_Sedis	24.7694192829066	0.448136555355243	1.38663411045418e-05	0.00119250533499059	0.490516064095121	1
Rhodanobacteraceae	24.9880674863384	0.469729037828795	0.00721577981608363	0.526751926574105	0.270105212795945	1
Rhodobacteraceae	24.7325880707796	0.478427754945098	0.0406358933313791	1	0.531855958992354	1
Rhodocyclaceae	24.3731333031841	0.487954519774488	0.165164446713223	1	0.860440504964968	1
Roseiflexaceae	47.7107368581408	0.0452652029391478	5.97642310135412e-296	7.05217925959786e-294	0	0
Rubrobacteriaceae	24.913926191483	0.471323577773243	0.0102389119218079	0.726962746448361	0.338194341786695	1
Saccharimonadaceae	25.352112733651	0.434085884231847	4.9971325549505e-08	4.49741929945545e-06	0.0405658469441449	1
Salisediminibacteriaceae	21.9065846235088	0.578835707576046	0.999999999906151	1	1	1
Sandaracinaceae	22.8847496997845	0.542461477230374	0.999699885235854	1	0.99999994222148	1
Saprospiraceae	23.1921823213621	0.538508434787448	0.999071024812105	1	0.999987799837458	1
SC-I-84	30.5292668339629	0.261877256682986	7.95324656140929e-83	8.35090888947975e-81	2.91404518210682e-61	3.05974744121216e-59
Solibacteraceae	27.4906137205925	0.363961542158759	2.04424319965744e-28	2.06468563165401e-26	2.48345515479341e-15	2.48345515479341e-13
Solimonadaceae	24.9619538886408	0.475029555063486	0.0217967502855277	1	0.295853411988461	1
Solirubrobacteraceae	23.1325723560971	0.521976150202121	0.962133173120746	1	0.999999621003225	1
Sphingomonadaceae	43.4588455238258	0.0727122019829297	1.36851829327103e-261	1.60116640312711e-259	0	0
Sporichthyaceae	24.2053307017854	0.510232544804802	0.795864415889166	1	0.928446827520407	1
Staphylococcaceae	23.2747682104144	0.528696659645407	0.989805500147116	1	0.99998908119541	1
Steroidobacteraceae	23.4549970431651	0.52144323151101	0.958445755718669	1	0.999898016449188	1
Streptomycetaceae	25.8542618261018	0.433581635217156	3.99003122253604e-08	3.6309284125078e-06	0.0011458558657682	0.105418739650674
Streptosporangiaceae	25.7246208008713	0.470837036499871	0.00921669645058167	0.66360214444188	0.0093946240523644	0.826726916608067
Sutterellaceae	24.2398619078049	0.493527398935174	0.300458881064968	1	0.927261800235724	1
Thermoanaerobaculaceae	23.1243386458201	0.538918242515106	0.999170034911414	1	0.999998103735483	1
Thermomonosporaceae	25.2783136323839	0.462101217449377	0.00109646355021215	0.0855241569165477	0.0809749939461875	1
TRA3-20	22.1572585323576	0.570800609146301	0.999999994727715	1	0.99999999999995	1
Unknown_Family	23.207786393054	0.524622192690582	0.976695421033329	1	0.999996616359257	1
Xanthobacteraceae	32.8320886786681	0.214756957034274	7.05097242541463e-118	7.54454049519365e-116	1.72623055661669e-104	1.84706669557986e-102
Xanthomonadaceae	39.5600026017785	0.107725465924403	7.39769690890365e-221	8.43337447615016e-219	1.07242933243113e-264	1.22256943897149e-262
