Family	Mean	P_value_F	P_value_W	P_adjust_W	P_value_T	P_adjust_T
67-14	34.0511529266583	0.447297545707053	1.0261115644306e-05	0.000430966857060852	2.82947765673326e-05	0.00118838061582797
A21b	39.0046194612058	0.300923669516208	1.54117312936039e-58	1.2021150409011e-56	4.60733949514022e-56	3.59372480620937e-54
A4b	32.7235051107893	0.497783159432071	0.428908681668277	1	0.192267270942696	1
Acidobacteriaceae_(Subgroup_1)	34.7808448500147	0.416081327439747	5.93189567239858e-12	3.02526679292328e-10	8.74125887703997e-10	4.19580426097919e-08
Acidobacteriae_fa	36.0781289757322	0.387577766497291	5.16748302438867e-20	3.1004898146332e-18	1.10310140584235e-18	6.50829829446986e-17
Acidothermaceae	32.0796860627455	0.501485763819206	0.547786756158211	1	0.732045607849122	1
AKYH767	29.3218576956675	0.587438296953763	0.999999999999204	1	0.999999999999788	1
Alcaligenaceae	34.9170145261952	0.431143026269856	1.31336346061626e-08	5.91013557277317e-07	4.99535260925882e-09	2.29786220025906e-07
Alicyclobacillaceae	30.9294063104978	0.536378446474557	0.998358475198898	1	0.99959007056151	1
All_BS	129.503321692277	8.43225777074715e-07	0	0	0	0
All_PM	32.3347447124064	0.499541285177271	0.500013592969285	1	0.5	1
B1-7BS	36.8990034903186	0.371996640588504	2.21495249972768e-25	1.39542007482844e-23	3.23317789324983e-25	2.03690207274739e-23
Bacillaceae	58.1851923319994	0.0335384620573697	0	0	0	0
Bacteriovoracaceae	33.0713781440453	0.476466411787622	0.0285947701311107	1	0.0446466159405425	1
Bdellovibrionaceae	37.4308487730268	0.342122837758301	1.392426936463e-37	9.8862312488873e-36	5.47711951901265e-36	3.88875485849898e-34
Beijerinckiaceae	41.5775196448178	0.233895652496539	6.96859691225709e-103	5.92330737541853e-101	1.04720199443493e-107	8.90121695269691e-106
BIrii41	33.981292927287	0.457650671797977	0.000310300546431314	0.0124120218572526	9.45631515706673e-05	0.00387708921439736
Bryobacteraceae	49.0477734126388	0.121386566738791	6.60213843555956e-206	6.40407428249277e-204	1.32569441635288e-248	1.28592358386229e-246
Burkholderiaceae	32.3747194231508	0.496015758203322	0.373731944584238	1	0.462243554733433	1
Catenulisporaceae	33.9789470735469	0.456497982160715	0.000219379405201244	0.008994555613251	0.000130142491415974	0.00520569965663896
Caulobacteraceae	50.1670321402485	0.0982054469012296	1.37344270095688e-231	1.35970827394731e-229	3.20735511027468e-290	3.17528155917193e-288
Cellulomonadaceae	32.0217823793569	0.498015889746543	0.436304564180999	1	0.782684954170727	1
Cellvibrionaceae	35.0273150326863	0.424602123917087	5.53187441270638e-10	2.65529971809906e-08	3.61067409352791e-10	1.76923030582868e-08
Chitinophagaceae	43.639007060501	0.201278836213512	4.63504742132417e-129	4.07884173076527e-127	5.78252780697021e-141	5.08862447013378e-139
Chloroflexaceae	46.850986533257	0.152271397275706	4.68565867686587e-174	4.40451915625392e-172	2.24485237780741e-201	2.11016123513897e-199
Clostridiaceae	36.8700606924351	0.361618217724269	2.46181505506785e-29	1.64941608689546e-27	9.87966290976183e-28	6.42178089134519e-26
Comamonadaceae	115.84088332699	8.43225777074715e-07	0	0	0	0
Crocinitomicaceae	37.2704668396712	0.355384249554355	7.42046825039046e-32	5.12012309276942e-30	1.47323701549307e-30	1.00180117053529e-28
Cytophagaceae	32.0289212551629	0.501327237373116	0.542708745790445	1	0.771499267182862	1
Deinococcaceae	35.5893511652698	0.400296140892909	3.89240265958191e-16	2.17974548936587e-14	3.082199641841e-15	1.69520980301255e-13
Devosiaceae	28.4589450966505	0.610763608399203	1	1	1	1
Dongiaceae	36.7580986139723	0.365124350505345	5.76715000920346e-28	3.69097600589021e-26	1.20299046552727e-25	7.69913897937453e-24
Enterobacteriaceae	32.2350458793844	0.495175062103578	0.348295704415796	1	0.597033533354192	1
Entotheonellaceae	32.4683213629186	0.494708758248856	0.334467540195094	1	0.376057341149284	1
env.OPS_17	31.8494341231782	0.509260305483834	0.772881076968655	1	0.882318622323925	1
Erwiniaceae	38.6416951699085	0.325367098342049	1.58144879443385e-45	1.17027210788105e-43	6.94912270213291e-46	5.14235079957835e-44
Fibrobacteraceae	69.5410668542792	0.00464364435435045	0	0	0	0
Flavobacteriaceae	75.3470385239968	0.00233067604783451	0	0	0	0
Frankiaceae	31.5172361629756	0.522640612114456	0.966352131280184	1	0.973852904784134	1
Gaiellaceae	63.1946152750967	0.0191488141715897	0	0	0	0
Geminicoccaceae	35.1972470695072	0.414464020399318	2.37987651772722e-12	1.23753578921815e-10	5.52302016063234e-12	2.87197048352882e-10
Gemmatimonadaceae	95.5709375632724	1.43348382102702e-05	0	0	0	0
Geobacteraceae	36.438011871555	0.380244231914072	1.86935999276478e-22	1.15900319551416e-20	2.64625664046761e-22	1.61421655068524e-20
Geodermatophilaceae	36.0768644049474	0.398313717091006	1.03683218928614e-16	5.909943478931e-15	4.96300380215495e-18	2.87854220524987e-16
Glycomycetaceae	31.8303077266436	0.511592667983223	0.825584131499827	1	0.890329975087653	1
Gracilibacteraceae	30.1700291602786	0.560268719190638	0.999999443692783	1	0.999999913313194	1
Haliangiaceae	47.4379354473863	0.139392809982444	5.22104087152635e-187	4.95998882795003e-185	3.7118053457006e-221	3.52621507841557e-219
Herpetosiphonaceae	29.7287164867102	0.579702543674879	0.999999999940709	1	0.999999999677302	1
Hymenobacteraceae	29.8552397641005	0.567840886668769	0.999999979036833	1	0.99999999964602	1
Hyphomicrobiaceae	36.1163134387827	0.402087995669192	1.2590534122131e-15	6.92479376717205e-14	3.03035656000966e-17	1.72730323920551e-15
Hyphomonadaceae	32.2748393598087	0.499536225822609	0.485051238429212	1	0.55629623419185	1
Iamiaceae	40.5190411683785	0.273676514981592	4.94711542709521e-75	3.95769234167617e-73	5.30734130354875e-78	4.245873042839e-76
Ilumatobacteraceae	43.8758731152296	0.19673047637197	5.97593567842846e-133	5.37834211058561e-131	7.59159017581209e-147	6.83243115823088e-145
Intrasporangiaceae	32.2839769386322	0.499393720666283	0.480461134270776	1	0.547857823473354	1
KF-JG30-B3	31.3558914716577	0.527673826777815	0.987338892467546	1	0.989319040036022	1
Kineosporiaceae	35.1520726322965	0.406258590362604	1.7862300739695e-14	9.46701939203835e-13	2.41448702415652e-12	1.30382299304452e-10
Latescibacteraceae	32.912315211743	0.477949645929496	0.037375244296049	1	0.0769817284062453	1
Leptospiraceae	30.4557631010864	0.548870836361919	0.99996083958117	1	0.999998253981008	1
Methyloligellaceae	44.2963819801887	0.183508696187439	1.37021174694092e-144	1.26059480718565e-142	2.85859702464637e-160	2.6013232924282e-158
Methylophilaceae	69.6087336413159	0.00553662045227258	0	0	0	0
Microbacteriaceae	33.4251256670508	0.460574978792872	0.00072097276390552	0.0281179377923153	0.00471197855791288	0.179055185200689
Micrococcaceae	47.7343118251455	0.135071277874936	1.84484722801963e-191	1.77105333889884e-189	6.19217329158093e-228	5.94448635991769e-226
Micromonosporaceae	45.9945350691604	0.159455680896383	4.92507280121906e-167	4.58031770513373e-165	3.70293457538008e-190	3.44372915510347e-188
Micropepsaceae	36.3318776411532	0.381690364121755	5.82247194429064e-22	3.55170788601729e-20	4.81419255405241e-21	2.88851553243145e-19
Microscillaceae	54.1890324857114	0.059544388248131	8.287701370798e-278	8.37057838450598e-276	0	0
Microtrichaceae	35.1345803635518	0.404182568499446	4.83755209488331e-15	2.61227813123699e-13	2.60915800841194e-12	1.38285374445833e-10
Mitochondria	37.385232591547	0.355514949549802	8.40244093662104e-32	5.71365983690231e-30	2.63321959517063e-31	1.81692152066773e-29
Moraxellaceae	33.673544308825	0.467072033405232	0.0038947183507876	0.147999297329929	0.00133534761452978	0.0520785569666614
Mycobacteriaceae	55.7072549122218	0.0381610257672933	3.42896020573535e-305	3.53182901190741e-303	0	0
Myxococcaceae	34.7128860954166	0.429146267629743	5.14065503188353e-09	2.36470131466642e-07	1.48833967286754e-08	6.69752852790393e-07
Nakamurellaceae	38.7350335064249	0.308164449263948	1.65202132174562e-54	1.27205641774413e-52	7.63358455780647e-54	5.87786010951098e-52
Nannocystaceae	34.476809128117	0.443509775516434	2.49462349037626e-06	0.000107268810086179	5.4568052243828e-07	2.40099429872843e-05
Nitrosomonadaceae	74.7887235384597	0.00235512959536968	0	0	0	0
Nitrososphaeraceae	38.8406013436165	0.32191071588182	2.89499312518214e-47	2.1712448438866e-45	1.58265618043768e-47	1.18699213532826e-45
Nitrospiraceae	58.2522143552031	0.0300761770167009	0	0	0	0
Nocardiaceae	39.3771744124668	0.32140056428669	1.59351181679084e-47	1.21106898076104e-45	1.34536686400348e-50	1.02247881664264e-48
Nocardioidaceae	71.3238245644049	0.00560323528866148	0	0	0	0
NS9_marine_group	30.1500607736278	0.562792493941423	0.999999805798326	1	0.999999912946849	1
Oligoflexales_fa	31.9673763230113	0.520271990906653	0.949317771851157	1	0.789244054287816	1
Oxalobacteraceae	108.628768528223	8.43225777074715e-07	0	0	0	0
Paenibacillaceae	30.5480653205155	0.554318918107599	0.999994326363667	1	0.999988366378643	1
Pedosphaeraceae	86.2734545889577	0.000220925153593575	0	0	0	0
Peptostreptococcaceae	35.756986788453	0.394111923043843	5.7765291329929e-18	3.35038689713588e-16	8.76213835292009e-17	4.90679747763525e-15
Phaselicystidaceae	33.3462116057538	0.470285566841664	0.00816707575607403	0.302181802974739	0.00997210127235575	0.368967747077163
Phycisphaeraceae	40.194880280634	0.258313784549068	2.9466181671657e-85	2.44569307874753e-83	1.02463478024453e-85	8.5044686760296e-84
Planococcaceae	42.571765759004	0.219263998812738	2.97023986471175e-114	2.58410868229922e-112	6.12255805725486e-122	5.26539992923918e-120
Polyangiaceae	37.3578711010722	0.350930330999847	1.00547660684568e-33	7.03833624791976e-32	2.36207752620579e-31	1.65345426834405e-29
Promicromonosporaceae	40.4417757859034	0.272509490506121	8.73052332506673e-76	7.07172389330405e-74	2.2027327569288e-78	1.78421353311233e-76
Propionibacteriaceae	41.5016936558697	0.26976563382752	1.42794778335312e-77	1.17091718234956e-75	7.17869943851088e-84	5.88653353957892e-82
Pseudohongiellaceae	32.6407345278168	0.491560996423036	0.247620939985029	1	0.245433871359353	1
Pseudomonadaceae	34.8101291380637	0.427764220581117	2.64613702797733e-09	1.24368440314934e-07	4.67156425560608e-09	2.19563520013486e-07
Pseudonocardiaceae	53.6223583741053	0.069836802083105	4.33282752046037e-265	4.33282752046037e-263	0	0
Reyranellaceae	31.057325220976	0.534853051043829	0.997573541600886	1	0.999046833430427	1
Rhizobiaceae	49.809915738075	0.109409387801221	5.50224216729524e-219	5.39219732394934e-217	3.2381338915011e-276	3.17337121367108e-274
Rhizobiales_Incertae_Sedis	40.4501713068991	0.289481938947081	3.2919010180553e-65	2.60060180426369e-63	2.46888889514471e-69	1.95042222716432e-67
Rhodanobacteraceae	41.2722274590515	0.241700550289142	4.57675535711685e-97	3.84447449997815e-95	3.30343595795908e-101	2.77488620468563e-99
Rhodobacteraceae	32.1176364351995	0.498149962645098	0.440575540347194	1	0.701511210819252	1
Rhodocyclaceae	35.0944451842114	0.416338511301755	6.84851435725975e-12	3.42425717862988e-10	6.80294106652904e-11	3.46949994392981e-09
Roseiflexaceae	100.275194893824	2.52967733122414e-06	0	0	0	0
Rubrobacteriaceae	34.2320039797564	0.440426098849671	7.38045100647141e-07	3.24739844284742e-05	3.28046899674783e-06	0.000141060166860157
Saccharimonadaceae	44.1331723058167	0.184144488423353	5.10304840348139e-144	4.64377404716807e-142	1.64716891855237e-160	1.51539540506818e-158
Salisediminibacteriaceae	37.8693652041409	0.33174610134562	2.07504523510297e-42	1.51478302162517e-40	1.99407769100857e-39	1.43573593752617e-37
Sandaracinaceae	37.2407533345909	0.362230399638425	4.29440851444128e-29	2.83430961953124e-27	2.37034163828141e-29	1.58812889764854e-27
Saprospiraceae	31.0657037355927	0.531482677612862	0.994524562220888	1	0.998990098030992	1
SC-I-84	59.2177392846909	0.0315585679327983	0	0	0	0
Solibacteraceae	56.6884225790475	0.042175623691946	5.9569291989066e-300	6.07606778288473e-298	0	0
Solimonadaceae	34.9517910786806	0.42111622855466	9.1501360111085e-11	4.48356664544317e-09	1.73557496869215e-10	8.67787484346075e-09
Solirubrobacteraceae	44.4689700820988	0.199067898226022	6.06219401853704e-131	5.39535267649797e-129	1.61022359536983e-143	1.43309899987915e-141
Sphingomonadaceae	94.5696737401973	8.60090292616209e-05	0	0	0	0
Sporichthyaceae	37.3479736957643	0.388034794868465	7.25178793339631e-20	4.27855488070382e-18	2.50133402166183e-24	1.55082709343033e-22
Staphylococcaceae	30.0228153644445	0.562480500403905	0.999999778332322	1	0.99999999653685	1
Steroidobacteraceae	37.2193703267802	0.363571128623974	1.4402825697331e-28	9.36183670326515e-27	1.24012406886848e-28	8.18481885453197e-27
Streptomycetaceae	38.9724346968808	0.33342074773889	1.30780780362717e-41	9.41621618611562e-40	1.48746555132576e-44	1.0858498524678e-42
Streptosporangiaceae	30.9190033131346	0.534170038164399	0.997122651489504	1	0.999733653466214	1
Sutterellaceae	32.3273332426869	0.490609837746496	0.223967271772386	1	0.507236564109364	1
Thermoanaerobaculaceae	32.4112860681373	0.495406105966497	0.355224150881694	1	0.427831306747791	1
Thermomonosporaceae	28.8896894514106	0.600840527454588	1	1	1	1
TRA3-20	31.8531673130147	0.50868522550387	0.758627275246381	1	0.885861647550843	1
Unknown_Family	43.6190571013725	0.219399758162847	3.81132850382937e-114	3.27774251329326e-112	9.33095665811317e-123	8.11793229255846e-121
Xanthobacteraceae	65.1271977731034	0.00877966679090193	0	0	0	0
Xanthomonadaceae	80.9270524369147	0.00075300061892772	0	0	0	0
