Family	Mean	P_value_F	P_value_W	P_adjust_W	P_value_T	P_adjust_T
67-14	26.0444026182182	0.556206057396692	0.999997217474468	1	0.999999986233565	1
A21b	23.5103766210103	0.641624828614361	1	1	1	1
A4b	26.3534872527855	0.547529264150593	0.99993874847706	1	0.999998991330202	1
Acidobacteriaceae_(Subgroup_1)	26.5999287614461	0.539148443152248	0.999221297905687	1	0.999972535650328	1
Acidobacteriae_fa	27.9034628524733	0.504378871460349	0.638284502523933	1	0.680545522625571	1
Acidothermaceae	24.7469096230677	0.603527044780348	1	1	1	1
AKYH767	27.3799934320789	0.523583338533226	0.971667107915738	1	0.964760112780897	1
Alcaligenaceae	26.1160912369422	0.56019029919337	0.999999425570136	1	0.999999940885783	1
Alicyclobacillaceae	26.7494436530795	0.535756989076853	0.998071888108144	1	0.999833158414387	1
All_BS	61.0934729096836	0.0251972726705466	0	0	0	0
All_PM	28.0860280100026	0.499541285177271	0.500013592969285	1	0.5	1
B1-7BS	24.2061403943003	0.617678902996993	1	1	1	1
Bacillaceae	27.3806990375393	0.513925030482612	0.869778962758641	1	0.971908241571894	1
Bacteriovoracaceae	26.303389502486	0.547425547380013	0.999936622708709	1	0.999999517769633	1
Bdellovibrionaceae	25.5696347995801	0.568654599543646	0.999999985576924	1	0.999999999998896	1
Beijerinckiaceae	24.3383705102401	0.615790077256346	1	1	1	1
BIrii41	26.9090099358304	0.532587303380829	0.995774912245915	1	0.999174155802401	1
Bryobacteraceae	23.5108583108834	0.642891353731527	1	1	1	1
Burkholderiaceae	25.563353660612	0.576310246373708	0.999999999651985	1	0.999999999998046	1
Catenulisporaceae	26.3263350209373	0.544642902315667	0.999845598900769	1	0.999999520179118	1
Caulobacteraceae	24.6788366620855	0.600478783596223	1	1	1	1
Cellulomonadaceae	26.1264072690506	0.552139179473861	0.999987434004465	1	0.999999977841927	1
Cellvibrionaceae	26.8551061608588	0.528348407399475	0.989017351922015	1	0.999600772226765	1
Chitinophagaceae	26.5493876945478	0.539409843143141	0.999275964391714	1	0.999987472287148	1
Chloroflexaceae	21.8297953576542	0.702781464548259	1	1	1	1
Clostridiaceae	25.1016707111116	0.590410667817951	0.999999999999863	1	1	1
Comamonadaceae	53.3627167085235	0.0700543543335902	7.98657788624305e-265	9.58389346349166e-263	0	0
Crocinitomicaceae	25.5895567522572	0.566574361551603	0.999999962795474	1	0.99999999999913	1
Cytophagaceae	26.4162841196165	0.544084686851243	0.999816462853828	1	0.999998041036543	1
Deinococcaceae	24.106180728289	0.622754278949206	1	1	1	1
Devosiaceae	26.4024217318003	0.542980061083275	0.999743064594034	1	0.999998382364785	1
Dongiaceae	22.5597516893403	0.677564797684839	1	1	1	1
Enterobacteriaceae	25.7659856340972	0.564320419049482	0.999999899296373	1	0.999999999949188	1
Entotheonellaceae	27.0507814624423	0.516974978118291	0.914941414319701	1	0.998523606399294	1
env.OPS_17	26.5643114758469	0.53823691608723	0.998999568270365	1	0.999985634039757	1
Erwiniaceae	26.5590603037986	0.536287378090633	0.998319061364294	1	0.999992258694992	1
Fibrobacteraceae	29.420580146771	0.44101467044207	9.35501066142825e-07	0.000103840618341854	0.000147154527913147	0.0164813071262725
Flavobacteriaceae	30.6957397318676	0.400008600902926	3.21787944664201e-16	3.70056136363831e-14	8.17032235665863e-13	9.39587071015742e-11
Frankiaceae	27.5158596880064	0.514346643371149	0.876857360159992	1	0.928632031162563	1
Gaiellaceae	29.3137499658595	0.432659989442813	2.63337635597816e-08	2.94938151869554e-06	0.000198046923647089	0.0219832085248269
Geminicoccaceae	26.1047688225878	0.554653678741098	0.999994991810252	1	0.999999981051273	1
Gemmatimonadaceae	36.1120512680981	0.247483392668321	7.23833082428325e-93	8.39646375616857e-91	2.1357135774537e-96	2.47742774984629e-94
Geobacteraceae	24.8523266900059	0.595970898591982	0.999999999999996	1	1	1
Geodermatophilaceae	26.8803184822665	0.525894620388187	0.981810484902489	1	0.999590025635624	1
Glycomycetaceae	23.9668470388918	0.625494762724699	1	1	1	1
Gracilibacteraceae	26.6923287017758	0.530573680225175	0.993259481214897	1	0.999958296373733	1
Haliangiaceae	26.5220948847193	0.538952814771966	0.999177926894858	1	0.999991339268203	1
Herpetosiphonaceae	26.2881129414021	0.549089231838182	0.999963628421335	1	0.999999545909554	1
Hymenobacteraceae	26.418563397308	0.546053619040713	0.999901099475455	1	0.99999762195434	1
Hyphomicrobiaceae	25.0308757491269	0.588753729165999	0.999999999999632	1	1	1
Hyphomonadaceae	24.7066745364165	0.602182099665914	1	1	1	1
Iamiaceae	25.4530859351721	0.583837722885653	0.999999999993793	1	0.999999999999514	1
Ilumatobacteraceae	23.4089067458669	0.651176890217063	1	1	1	1
Intrasporangiaceae	24.5562961660607	0.609879907784829	1	1	1	1
KF-JG30-B3	27.4368023730205	0.513182148573009	0.856632416459563	1	0.958011787965921	1
Kineosporiaceae	26.9532695530057	0.525921603613054	0.981907661463018	1	0.999136375129531	1
Latescibacteraceae	24.88559671121	0.598143048193726	0.999999999999999	1	1	1
Leptospiraceae	26.8501506016285	0.530526459581659	0.993187216548721	1	0.999645692982091	1
Methyloligellaceae	24.30596687526	0.613647440556799	1	1	1	1
Methylophilaceae	27.8223583482168	0.492123428016345	0.262211399389278	1	0.765946379280993	1
Microbacteriaceae	26.9542405152739	0.52612735070266	0.982634181961197	1	0.998838186473215	1
Micrococcaceae	26.0389392400818	0.550033644708505	0.999973665135449	1	0.999999998360445	1
Micromonosporaceae	25.1755510224335	0.580955577179612	0.99999999996973	1	1	1
Micropepsaceae	25.9169058929568	0.575243565765708	0.999999999402021	1	0.999999994637732	1
Microscillaceae	25.6729919994667	0.562284028797847	0.99999975915211	1	0.999999999998846	1
Microtrichaceae	28.1447284393554	0.497263732353393	0.412495375282642	1	0.440074017141069	1
Mitochondria	24.9729755514544	0.58879083110019	0.99999999999964	1	1	1
Moraxellaceae	27.4977525816954	0.500301031602416	0.50970441974794	1	0.948943889970327	1
Mycobacteriaceae	22.9058321193595	0.666844025155111	1	1	1	1
Myxococcaceae	24.6537201619531	0.608790460080848	1	1	1	1
Nakamurellaceae	26.2300635879147	0.547215584161522	0.999932104674258	1	0.999999934478537	1
Nannocystaceae	26.2093449009487	0.555910085148939	0.999996883912327	1	0.999999813990961	1
Nitrosomonadaceae	29.1688654488038	0.444613558058624	3.80205594468365e-06	0.000418226153915201	0.0013073552262939	0.143809074892329
Nitrososphaeraceae	24.2612044819781	0.615128145021342	1	1	1	1
Nitrospiraceae	27.2491201587936	0.512965439548301	0.852634120849453	1	0.990671555755531	1
Nocardiaceae	24.2011557765295	0.617284273333322	1	1	1	1
Nocardioidaceae	27.5329624259489	0.504333337268387	0.636904669153982	1	0.937325130877683	1
NS9_marine_group	26.7289391597864	0.529531453164711	0.991496928979686	1	0.999927285199924	1
Oligoflexales_fa	26.7034575384933	0.527678886132477	0.987352264218089	1	0.999968179850268	1
Oxalobacteraceae	45.940708291713	0.0958806734338346	3.00768897677877e-234	3.57914988236674e-232	1.10994362869785e-302	1.32083291815044e-300
Paenibacillaceae	24.9683374960027	0.600011636515724	1	1	1	1
Pedosphaeraceae	30.3425062766503	0.411578501790168	4.4751278846193e-13	5.05689450961981e-11	5.79621957325229e-10	6.54972811777509e-08
Peptostreptococcaceae	26.451074674021	0.540838267609505	0.999517146577316	1	0.99999828294651	1
Phaselicystidaceae	25.1917824174084	0.583561144830773	0.999999999992757	1	1	1
Phycisphaeraceae	25.0550573769463	0.588063970480352	0.999999999999448	1	1	1
Planococcaceae	24.3207351977829	0.619605673897609	1	1	1	1
Polyangiaceae	23.7158209685192	0.634970090781687	1	1	1	1
Promicromonosporaceae	25.4262310581105	0.578036329539379	0.999999999857275	1	0.999999999999912	1
Propionibacteriaceae	24.6857244987788	0.596643792762087	0.999999999999997	1	1	1
Pseudohongiellaceae	26.7268177124904	0.534045240749392	0.997032537539482	1	0.999880471754155	1
Pseudomonadaceae	24.4086115320195	0.61125183612413	1	1	1	1
Pseudonocardiaceae	25.61168546397	0.569219560814286	0.999999988902378	1	0.999999999998319	1
Reyranellaceae	26.0824111791779	0.563031126836335	0.999999824558819	1	0.999999909365374	1
Rhizobiaceae	22.8735355145928	0.669110616043888	1	1	1	1
Rhizobiales_Incertae_Sedis	26.3019610734427	0.539680518617582	0.999328824878377	1	0.999999881202712	1
Rhodanobacteraceae	23.9164824837627	0.628081779408764	1	1	1	1
Rhodobacteraceae	27.2547994653706	0.516296181367746	0.906075772141379	1	0.988912471754652	1
Rhodocyclaceae	27.4381374803286	0.507438937805353	0.726138407322312	1	0.963653610845667	1
Roseiflexaceae	38.5261748634256	0.22643226114365	1.31526771917188e-108	1.55201590862282e-106	2.54380841198138e-118	3.00169392613803e-116
Rubrobacteriaceae	25.6772490540074	0.572059545231474	0.999999997118075	1	0.999999999966538	1
Saccharimonadaceae	26.9513780379411	0.523569846920792	0.971596288152804	1	0.999035434601579	1
Salisediminibacteriaceae	25.3750146133781	0.572978661328485	0.999999998157509	1	0.999999999999999	1
Sandaracinaceae	25.6158326470498	0.574351432893563	0.999999999064842	1	0.999999999993633	1
Saprospiraceae	28.1868573598046	0.494277869876771	0.321885738225045	1	0.397566484514474	1
SC-I-84	25.4392406689844	0.573454240666755	0.99999999854131	1	0.999999999999958	1
Solibacteraceae	25.7452495032545	0.568224554397338	0.999999982416195	1	0.999999999928237	1
Solimonadaceae	27.0222972083476	0.526485721657917	0.983840189848923	1	0.998154944398324	1
Solirubrobacteraceae	24.3655749327628	0.612097591578535	1	1	1	1
Sphingomonadaceae	37.8020057456916	0.237688482041821	4.91676683194875e-100	5.75261719338004e-98	4.08567967921284e-109	4.78024522467902e-107
Sporichthyaceae	26.900825176582	0.529828268638241	0.99203601729009	1	0.999396003160561	1
Staphylococcaceae	26.0223813123543	0.55475402260857	0.999995176294673	1	0.999999994161221	1
Steroidobacteraceae	23.644650839682	0.640413956398482	1	1	1	1
Streptomycetaceae	24.0493889236789	0.621446435768963	1	1	1	1
Streptosporangiaceae	25.768977946605	0.562113697190878	0.999999741236812	1	0.999999999986353	1
Sutterellaceae	27.2071227326971	0.520675052828095	0.952624124290593	1	0.990796686710348	1
Thermoanaerobaculaceae	28.4578793384109	0.470541907477895	0.00864114847143643	0.941885183386571	0.148591262898586	1
Thermomonosporaceae	27.2058920359378	0.514435182077742	0.878308899163542	1	0.992236159700354	1
TRA3-20	26.636330584882	0.550070746642697	0.999974000035225	1	0.999900230358983	1
Unknown_Family	24.9799229495314	0.591514450360142	0.99999999999993	1	1	1
Xanthobacteraceae	27.7605517093924	0.48762228881832	0.158582489841288	1	0.824399905700696	1
Xanthomonadaceae	30.7522909471166	0.408237641261398	6.04712310514729e-14	6.89372033986791e-12	3.10138220223244e-12	3.53557571054498e-10
