Family	Mean	P_value_F	P_value_W	P_adjust_W	P_value_T	P_adjust_T
67-14	23.667605528755	0.661994633711155	1	1	1	1
A21b	22.7696225179283	0.687321763151371	1	1	1	1
A4b	29.404147102422	0.511194665416444	0.817186053031182	1	0.976862967817024	1
Acidobacteriaceae_(Subgroup_1)	27.5661660464639	0.555940441276914	0.999996919809802	1	0.999999996696262	1
Acidobacteriae_fa	26.9250530373941	0.579704230126433	0.999999999940762	1	0.999999999997607	1
Acidothermaceae	28.1308322800568	0.539279986373471	0.999249265621695	1	0.999998300439612	1
AKYH767	28.7605673135328	0.525930879096602	0.981940963535844	1	0.999491788553576	1
Alcaligenaceae	26.2487322549433	0.587024273097219	0.999999999998988	1	1	1
Alicyclobacillaceae	27.6078332901763	0.557330077357533	0.999998198950733	1	0.999999989929206	1
All_BS	68.1005088696199	0.0221481682606445	0	0	0	0
All_PM	30.4137691810902	0.499541285177271	0.500013592969285	1	0.5	1
B1-7BS	27.0724550756345	0.573266201318468	0.999999998399901	1	0.999999999986882	1
Bacillaceae	29.159322463659	0.49119672288734	0.238407662895237	1	0.997046173750801	1
Bacteriovoracaceae	29.7428509807663	0.507676727474488	0.732500219474804	1	0.903472057528804	1
Bdellovibrionaceae	28.230747188001	0.545530819058926	0.999883180973234	1	0.999987690817108	1
Beijerinckiaceae	25.3018109797487	0.613342192825498	1	1	1	1
BIrii41	29.7607157992817	0.515527159459054	0.895228382670393	1	0.888514860202173	1
Bryobacteraceae	28.4202924962262	0.525070788803985	0.978622103764121	1	0.999979612859822	1
Burkholderiaceae	29.9498485151383	0.508767018404246	0.760683767428238	1	0.806283208236029	1
Catenulisporaceae	25.0879909233801	0.620859550628119	1	1	1	1
Caulobacteraceae	31.4192477311178	0.440999492378082	9.29824597021532e-07	0.000104140354866412	0.0180599146990093	1
Cellulomonadaceae	29.6540368417065	0.506293837200086	0.694495756284799	1	0.931206976946937	1
Cellvibrionaceae	26.7236831821109	0.580603952030572	0.999999999963408	1	0.999999999999934	1
Chitinophagaceae	25.8393896370745	0.585888447975499	0.999999999998054	1	1	1
Chloroflexaceae	25.5732827160685	0.605562591806207	1	1	1	1
Clostridiaceae	26.1875779336351	0.588271404021512	0.999999999999511	1	1	1
Comamonadaceae	50.8571268950932	0.102988223508797	3.64098213741296e-226	4.36917856489555e-224	3.41000536687555e-290	4.09200644025066e-288
Crocinitomicaceae	26.1642788379461	0.603713397677082	1	1	1	1
Cytophagaceae	32.5859351729125	0.456437269904766	0.000215360449248327	0.023689649417316	5.49662239559622e-05	0.00626614953097969
Deinococcaceae	27.4288054025371	0.564424979045839	0.999999903773871	1	0.999999998680273	1
Devosiaceae	28.9695716681815	0.516390622654778	0.90734855544888	1	0.998308460500034	1
Dongiaceae	27.3235556454183	0.570358758839114	0.999999993498312	1	0.99999999920678	1
Enterobacteriaceae	27.7395662623409	0.552505139461111	0.999988981568429	1	0.999999965868672	1
Entotheonellaceae	29.1057938208842	0.514680560778871	0.882268763717721	1	0.995664089693372	1
env.OPS_17	27.5792647313298	0.554411672943077	0.999994518748126	1	0.999999993606176	1
Erwiniaceae	28.8395743991855	0.536254492285327	0.998304618125746	1	0.998617428215505	1
Fibrobacteraceae	25.3765997058287	0.604813807316164	1	1	1	1
Flavobacteriaceae	29.0444835345549	0.48806329589973	0.167357339245844	1	0.999007448687062	1
Frankiaceae	28.053862066249	0.552197362052479	0.999987693154894	1	0.999997970899338	1
Gaiellaceae	24.6676444394381	0.621670733825665	1	1	1	1
Geminicoccaceae	29.0357918691462	0.532389988548994	0.995572298435136	1	0.995584570174148	1
Gemmatimonadaceae	33.043964485305	0.38734166327971	4.3353370253569e-20	5.11569768992114e-18	5.64206120876898e-09	6.6576322263474e-07
Geobacteraceae	24.4369002515591	0.644002725305711	1	1	1	1
Geodermatophilaceae	27.9299103445605	0.551965474963783	0.999986629071173	1	0.999999496023572	1
Glycomycetaceae	26.3293347858636	0.594753280569886	0.999999999999991	1	1	1
Gracilibacteraceae	28.7256071649671	0.518610836125816	0.9337130182749	1	0.999767543550771	1
Haliangiaceae	24.1641341911011	0.648102489033849	1	1	1	1
Herpetosiphonaceae	30.5184259068485	0.495462602093561	0.356925746263086	1	0.422138495830356	1
Hymenobacteraceae	28.9027997298868	0.524449331406281	0.975914958427553	1	0.998567473584947	1
Hyphomicrobiaceae	25.3539730090036	0.623880828587378	1	1	1	1
Hyphomonadaceae	27.7616983664779	0.555636879997167	0.999996542312005	1	0.999999916013872	1
Iamiaceae	25.2114538493209	0.621642064149244	1	1	1	1
Ilumatobacteraceae	25.5225278192689	0.60726506465012	1	1	1	1
Intrasporangiaceae	27.6574816340598	0.557879017338408	0.999998547849665	1	0.999999976323981	1
KF-JG30-B3	27.8240375047289	0.544874789404362	0.999856378783048	1	0.999999964310795	1
Kineosporiaceae	26.7106224740496	0.58117228620432	0.99999999997308	1	0.999999999999969	1
Latescibacteraceae	25.6163057281047	0.610526661955845	1	1	1	1
Leptospiraceae	28.8796700886851	0.518325825813165	0.930696145136376	1	0.999074045207333	1
Methyloligellaceae	22.8895865875535	0.685567010309278	1	1	1	1
Methylophilaceae	23.8976804161672	0.650125387673051	1	1	1	1
Microbacteriaceae	26.1058128006324	0.605280954396664	1	1	1	1
Micrococcaceae	25.3035779796152	0.610195274225455	1	1	1	1
Micromonosporaceae	21.9592350278357	0.712476874533064	1	1	1	1
Micropepsaceae	27.7945010956794	0.562199706220139	0.999999750438053	1	0.999999787785907	1
Microscillaceae	30.810251384186	0.443028293597724	2.07076762470796e-06	0.000229855206342584	0.19153170746679	1
Microtrichaceae	26.987905315236	0.576376861210096	0.999999999663634	1	0.999999999994502	1
Mitochondria	25.4348039724671	0.610947431618606	1	1	1	1
Moraxellaceae	26.3928559695641	0.591231969724822	0.999999999999917	1	1	1
Mycobacteriaceae	32.8013373598712	0.410375218606283	2.19436747449315e-13	2.52352259566712e-11	5.64633589946357e-07	6.54974964337774e-05
Myxococcaceae	29.426315010378	0.516521322650225	0.909088889434234	1	0.971099862075395	1
Nakamurellaceae	22.3206115481236	0.702843863255762	1	1	1	1
Nannocystaceae	26.6175051619782	0.583856273852749	0.999999999993857	1	0.999999999999995	1
Nitrosomonadaceae	27.1409240645214	0.545767765502284	0.999891649834306	1	0.999999999999849	1
Nitrososphaeraceae	25.2332241652658	0.61937463003469	1	1	1	1
Nitrospiraceae	24.4079146420111	0.631705963798631	1	1	1	1
Nocardiaceae	26.6863993611535	0.582319916486919	0.999999999985608	1	0.999999999999946	1
Nocardioidaceae	25.4112019761429	0.594573673479369	0.999999999999989	1	1	1
NS9_marine_group	29.389557256301	0.509488819669422	0.778410461144147	1	0.978955871643516	1
Oligoflexales_fa	29.8518466973107	0.500880327711266	0.52835818693809	1	0.863663753343384	1
Oxalobacteraceae	42.1841699372224	0.195572727380047	5.98374921404024e-134	7.12066156470788e-132	1.24331651605143e-131	1.4795466541012e-129
Paenibacillaceae	29.8552863386856	0.510644882209791	0.805177887059564	1	0.856606455632209	1
Pedosphaeraceae	32.282566425339	0.39907936609659	1.73339509976658e-16	2.01073831572923e-14	1.31668522073833e-05	0.00151418800384908
Peptostreptococcaceae	26.3886116468387	0.589786680742916	0.999999999999801	1	1	1
Phaselicystidaceae	28.6376731889789	0.541018717925799	0.999541644262751	1	0.999647259088457	1
Phycisphaeraceae	27.8103631997381	0.541454665652547	0.999596154406862	1	0.999999958223234	1
Planococcaceae	23.5185328702785	0.667220103851687	1	1	1	1
Polyangiaceae	26.9978409965431	0.574607773529794	0.999999999177169	1	0.999999999995972	1
Promicromonosporaceae	23.3040017319796	0.66846723477598	1	1	1	1
Propionibacteriaceae	25.7071295974044	0.604392194427627	1	1	1	1
Pseudohongiellaceae	29.4001713201714	0.515727847193998	0.898142955520177	1	0.974476558580435	1
Pseudomonadaceae	23.0499533942991	0.687281288314071	1	1	1	1
Pseudonocardiaceae	28.5915098863683	0.512940986000766	0.852178304451308	1	0.999938680561888	1
Reyranellaceae	28.6672826408749	0.531692640831353	0.99478489511098	1	0.999716199692654	1
Rhizobiaceae	25.9950978470783	0.60479188344596	1	1	1	1
Rhizobiales_Incertae_Sedis	26.5830100596016	0.574467798050799	0.999999999117571	1	1	1
Rhodanobacteraceae	23.6605616279669	0.666465416781205	1	1	1	1
Rhodobacteraceae	28.7075687768506	0.542382214007329	0.999692719108637	1	0.999306362309493	1
Rhodocyclaceae	25.6840589050943	0.611304116122308	1	1	1	1
Roseiflexaceae	31.6679408362687	0.419606854413697	4.09833571234941e-11	4.67210271207833e-09	0.00266090692051313	0.300682482017984
Rubrobacteriaceae	25.015575632145	0.627999143282611	1	1	1	1
Saccharimonadaceae	27.562410492164	0.558141260555079	0.999998690677008	1	0.99999998995625	1
Salisediminibacteriaceae	23.9223203966556	0.660126888614934	1	1	1	1
Sandaracinaceae	29.4678368422013	0.520480267673591	0.951048527769352	1	0.962301857282751	1
Saprospiraceae	27.8810047281003	0.564074197122576	0.999999887942898	1	0.999999262382307	1
SC-I-84	24.5431048871458	0.625563907238419	1	1	1	1
Solibacteraceae	31.2616953329505	0.430839464990109	1.14067944089455e-08	1.28896776821084e-06	0.0310659200862967	1
Solimonadaceae	27.6389375316265	0.55927371277369	0.999999166866451	1	0.999999978101229	1
Solirubrobacteraceae	23.7279887576144	0.656761574538629	1	1	1	1
Sphingomonadaceae	32.6822490474993	0.39407229143232	5.61828107412234e-18	6.57338885672314e-16	3.57618400308483e-07	4.18413528360925e-05
Sporichthyaceae	27.4418578229113	0.559458379218869	0.999999226667181	1	0.99999999918338	1
Staphylococcaceae	30.0806072066448	0.501236168989192	0.539788380167302	1	0.736916821002905	1
Steroidobacteraceae	24.266967837906	0.640626449294304	1	1	1	1
Streptomycetaceae	25.2041614124243	0.620744871922437	1	1	1	1
Streptosporangiaceae	30.2815383346856	0.502108064442687	0.567637489574795	1	0.597356453676629	1
Sutterellaceae	26.6418009980216	0.592679788384059	0.999999999999966	1	0.999999999999858	1
Thermoanaerobaculaceae	29.9151399056425	0.504336710171495	0.637006940252788	1	0.829618242469429	1
Thermomonosporaceae	27.8571067099529	0.558678395375075	0.999998942302298	1	0.999999677971825	1
TRA3-20	27.2703698311963	0.565965552540555	0.999999951159249	1	0.999999999897279	1
Unknown_Family	23.6301247137973	0.661797318879319	1	1	1	1
Xanthobacteraceae	23.5165288654979	0.656659544219603	1	1	1	1
Xanthomonadaceae	26.8923346458722	0.550873497582472	0.999980330283933	1	0.999999999999999	1
