Family	Mean	P_value_F	P_value_W	P_adjust_W	P_value_T	P_adjust_T
67-14	18.5577665595384	0.66971267924872	1	1	1	1
A21b	17.1152132314007	0.734146933778107	1	1	1	1
A4b	20.0994909500185	0.603557400908323	1	1	1	1
Acidobacteriaceae_(Subgroup_1)	20.9986996718874	0.554945434859966	0.999995510360843	1	0.999999976019701	1
Acidobacteriae_fa	18.7623241419413	0.660694379562905	1	1	1	1
Acidothermaceae	20.8821120435793	0.564025290027506	0.999999885544979	1	0.99999999597997	1
AKYH767	19.9213774031138	0.60871204008358	1	1	1	1
Alcaligenaceae	20.1686762578993	0.600850646163913	1	1	1	1
Alicyclobacillaceae	19.9709349281823	0.613111148962579	1	1	1	1
All_BS	31.2795958780643	0.211013877809839	6.22828406823715e-121	7.53622372256695e-119	3.84523779338959e-130	4.6527377300014e-128
All_PM	22.5029692331908	0.499541285177271	0.500013592969285	1	0.5	1
B1-7BS	18.3828859996316	0.680130733724478	1	1	1	1
Bacillaceae	18.9691115591003	0.650829481196908	1	1	1	1
Bacteriovoracaceae	21.8421775014487	0.525981472643226	0.982121692711645	1	0.988608650537155	1
Bdellovibrionaceae	18.6448917074536	0.66578071745022	1	1	1	1
Beijerinckiaceae	19.912019512286	0.608221282681323	1	1	1	1
BIrii41	20.5424741276893	0.584326793836357	0.999999999995282	1	0.999999999985331	1
Bryobacteraceae	17.9778353365413	0.706499246999381	1	1	1	1
Burkholderiaceae	20.9962122613553	0.565664520938139	0.999999944173064	1	0.999999795197699	1
Catenulisporaceae	19.6418108693343	0.631906651533575	1	1	1	1
Caulobacteraceae	17.9606875395851	0.702072311669739	1	1	1	1
Cellulomonadaceae	20.5531399152875	0.590092771699994	0.999999999999834	1	0.999999999992136	1
Cellvibrionaceae	20.8058902892056	0.56693273250686	0.999999968337237	1	0.999999999263346	1
Chitinophagaceae	17.5437276950063	0.714389310595469	1	1	1	1
Chloroflexaceae	17.3543120224047	0.732785967373908	1	1	1	1
Clostridiaceae	19.6455571420862	0.621100713200362	1	1	1	1
Comamonadaceae	28.8327364558473	0.277218063245306	9.05387424549308e-73	1.08646490945917e-70	1.34819291456403e-76	1.61783149747684e-74
Crocinitomicaceae	17.6594142326903	0.712776219683925	1	1	1	1
Cytophagaceae	22.4272347457737	0.504410070814101	0.639228908204847	1	0.601142622428227	1
Deinococcaceae	18.9033086728625	0.652085044378973	1	1	1	1
Devosiaceae	20.8625281727018	0.573481223891622	0.999999998560577	1	0.999999987810956	1
Dongiaceae	19.4784540014825	0.625369122083914	1	1	1	1
Enterobacteriaceae	19.9393861280053	0.608336804612782	1	1	1	1
Entotheonellaceae	21.6655583106786	0.538399658662205	0.999042980353468	1	0.997909709018535	1
env.OPS_17	20.1001004278649	0.604396410556512	1	1	1	1
Erwiniaceae	18.6800512472203	0.663712284619056	1	1	1	1
Fibrobacteraceae	19.4039294790627	0.635787176559673	1	1	1	1
Flavobacteriaceae	19.3865174639875	0.636171687514019	1	1	1	1
Frankiaceae	21.6923891371589	0.531244044717949	0.994214714391761	1	0.99738013990449	1
Gaiellaceae	17.1456374128002	0.738375711050137	1	1	1	1
Geminicoccaceae	19.4742567330299	0.63322545664892	1	1	1	1
Gemmatimonadaceae	21.7534659278035	0.527887162899415	0.987892228480305	1	0.994954171743575	1
Geobacteraceae	18.5912291332358	0.668256428331712	1	1	1	1
Geodermatophilaceae	19.8493305668685	0.609911107138581	1	1	1	1
Glycomycetaceae	20.015365334097	0.606387266616186	1	1	1	1
Gracilibacteraceae	19.7750602221562	0.616424183040706	1	1	1	1
Haliangiaceae	17.1198000613219	0.737201097542671	1	1	1	1
Herpetosiphonaceae	20.0795182368772	0.605008592470668	1	1	1	1
Hymenobacteraceae	21.0929319083758	0.555476667099523	0.999996325626294	1	0.999999669894644	1
Hyphomicrobiaceae	17.7721609041976	0.711266002317184	1	1	1	1
Hyphomonadaceae	18.3434691599815	0.680075080823191	1	1	1	1
Iamiaceae	17.6631751143242	0.711212035867452	1	1	1	1
Ilumatobacteraceae	17.9528508243572	0.695625007378226	1	1	1	1
Intrasporangiaceae	18.5479281634261	0.668247152848164	1	1	1	1
KF-JG30-B3	21.4136502597704	0.547826079624124	0.999944466615419	1	0.999887144760039	1
Kineosporiaceae	19.3619575734216	0.635670811402436	1	1	1	1
Latescibacteraceae	19.1270929957222	0.644483363998644	1	1	1	1
Leptospiraceae	20.1510597473382	0.601155050669437	1	1	1	1
Methyloligellaceae	17.3623280700161	0.723014667069166	1	1	1	1
Methylophilaceae	18.1462394664538	0.694769976440272	1	1	1	1
Microbacteriaceae	18.6400226683027	0.670652032764381	1	1	1	1
Micrococcaceae	17.1752304641329	0.733490060897766	1	1	1	1
Micromonosporaceae	17.4492271297907	0.717742819510895	1	1	1	1
Micropepsaceae	18.8710724504422	0.661213806641583	1	1	1	1
Microscillaceae	19.8619247965149	0.612421390276932	1	1	1	1
Microtrichaceae	19.9247899680436	0.61087997355644	1	1	1	1
Mitochondria	18.5914792436134	0.673633679112117	1	1	1	1
Moraxellaceae	19.1510802947737	0.644625025929193	1	1	1	1
Mycobacteriaceae	18.7238158541735	0.659393282188879	1	1	1	1
Myxococcaceae	19.4190987000072	0.632733012795108	1	1	1	1
Nakamurellaceae	20.0210515528515	0.600899553258983	1	1	1	1
Nannocystaceae	18.3068236670629	0.681122367238318	1	1	1	1
Nitrosomonadaceae	20.5726049735802	0.575602779946742	0.999999999501265	1	0.9999999999962	1
Nitrososphaeraceae	19.2749367962667	0.639498213204578	1	1	1	1
Nitrospiraceae	19.5680921598727	0.624475302760215	1	1	1	1
Nocardiaceae	18.5960448433643	0.668498434129732	1	1	1	1
Nocardioidaceae	20.9624116903621	0.569801386600468	0.999999991545586	1	0.999999853935442	1
NS9_marine_group	20.7634327596275	0.575026856741	0.999999999333098	1	0.999999999688933	1
Oligoflexales_fa	19.5319262392311	0.624167525351583	1	1	1	1
Oxalobacteraceae	24.8839304375103	0.407114464526335	3.03611465804647e-14	3.6129764430753e-12	2.89370816911081e-14	3.44351272124186e-12
Paenibacillaceae	21.312988015011	0.550209035670137	0.999975213082121	1	0.99997915191078	1
Pedosphaeraceae	22.2224385280758	0.505202703044551	0.662923370732055	1	0.836178283505985	1
Peptostreptococcaceae	17.2446121015946	0.731452827420353	1	1	1	1
Phaselicystidaceae	18.9330983025817	0.653021024991526	1	1	1	1
Phycisphaeraceae	16.9655668491296	0.740150701310879	1	1	1	1
Planococcaceae	17.7119282715966	0.708818117886337	1	1	1	1
Polyangiaceae	17.4973099755788	0.719983270400583	1	1	1	1
Promicromonosporaceae	17.9236270758182	0.699158966609946	1	1	1	1
Propionibacteriaceae	17.874763909351	0.703375095495319	1	1	1	1
Pseudohongiellaceae	19.6887402760445	0.621491969960925	1	1	1	1
Pseudomonadaceae	17.5067901187094	0.717340600815231	1	1	1	1
Pseudonocardiaceae	17.6476941921105	0.71854557045067	1	1	1	1
Reyranellaceae	20.3666129855993	0.597216343064721	0.999999999999998	1	0.9999999999999	1
Rhizobiaceae	16.4493001128698	0.766871682960599	1	1	1	1
Rhizobiales_Incertae_Sedis	17.8604660666504	0.704913139312703	1	1	1	1
Rhodanobacteraceae	17.6816187161327	0.710486861699167	1	1	1	1
Rhodobacteraceae	19.4163638343263	0.628637465195856	1	1	1	1
Rhodocyclaceae	20.8471620080102	0.57597801541754	0.999999999587753	1	0.999999987215858	1
Roseiflexaceae	21.4557977747671	0.538276547698753	0.99901030348377	1	0.99990951407641	1
Rubrobacteriaceae	19.8044333977592	0.613101030253254	1	1	1	1
Saccharimonadaceae	17.8953204414934	0.697399997638968	1	1	1	1
Salisediminibacteriaceae	18.8874324300017	0.654239486239399	1	1	1	1
Sandaracinaceae	18.7348376094639	0.665956951637629	1	1	1	1
Saprospiraceae	20.4808494443253	0.585774612495594	0.999999999997923	1	0.999999999999793	1
SC-I-84	19.9839046149328	0.607351073679382	1	1	1	1
Solibacteraceae	19.0662669599931	0.650626263784633	1	1	1	1
Solimonadaceae	19.2846737978797	0.636444049440014	1	1	1	1
Solirubrobacteraceae	17.8315074402337	0.70175188587445	1	1	1	1
Sphingomonadaceae	20.4949844383085	0.575497376724608	0.999999999473942	1	0.999999999999846	1
Sporichthyaceae	19.6124655556342	0.626637333652635	1	1	1	1
Staphylococcaceae	17.652229404565	0.712937275807347	1	1	1	1
Steroidobacteraceae	18.2295787919587	0.686199429642084	1	1	1	1
Streptomycetaceae	18.0703745690094	0.692439300392437	1	1	1	1
Streptosporangiaceae	20.7232582488151	0.572249271031316	0.999999997371119	1	0.999999999932725	1
Sutterellaceae	20.4800814327384	0.578437705009267	0.999999999884308	1	0.999999999999852	1
Thermoanaerobaculaceae	20.4250453712524	0.584784665433308	0.999999999996355	1	0.999999999999975	1
Thermomonosporaceae	21.1200430984301	0.553392212978594	0.999992015322537	1	0.999999549742274	1
TRA3-20	18.9624286523783	0.655918348761554	1	1	1	1
Unknown_Family	17.5527480033	0.718330547877516	1	1	1	1
Xanthobacteraceae	18.2688118691794	0.685183342580709	1	1	1	1
Xanthomonadaceae	21.0138009447681	0.565044749991989	0.999999926616779	1	0.999999710155309	1
