Family	Mean	P_value_F	P_value_W	P_adjust_W	P_value_T	P_adjust_T
All_BS	34.6409749991063	0.393455050163501	3.64043281923347e-18	3.78605013200281e-16	1.23891652397942e-08	1.25130568921921e-06
All_PM	31.816915770046	0.499541285177271	0.500013592969285	1	0.5	1
Cluster_1	46.5705851488488	0.16261271820575	5.39185804978774e-164	7.17117120621769e-162	3.42164059075624e-170	4.5507819857058e-168
Cluster_10	42.4929294247879	0.233757363469098	5.47667064521003e-103	6.62677148070414e-101	8.95113208532654e-91	1.08308698232451e-88
Cluster_100	29.8562789731037	0.536370857442564	0.998355223157147	1	0.999825115098001	1
Cluster_101	32.396058841258	0.438678091813796	3.60332550538571e-07	3.42315923011642e-05	0.114286344613662	1
Cluster_102	29.3693117883106	0.558562030217839	0.999998892081324	1	0.99999347698602	1
Cluster_103	29.8407462707152	0.536956056131853	0.998589469484724	1	0.99984790789465	1
Cluster_104	30.1316550202565	0.529769242833846	0.991931270974121	1	0.999045862527763	1
Cluster_105	26.6988719735708	0.60919942458273	1	1	1	1
Cluster_106	32.0294634680582	0.495577280799243	0.360388465986662	1	0.356020790874462	1
Cluster_107	32.6523753885178	0.499476356792437	0.48312257503337	1	0.0916489186262974	1
Cluster_108	46.7616342816734	0.196861176367417	7.7445270215423e-133	1.0067885128005e-130	1.11377570127658e-129	1.44790841165955e-127
Cluster_109	32.4209764181581	0.484963597943204	0.112152153319951	1	0.148656909761844	1
Cluster_11	41.4309553386741	0.25040938611477	8.87624424795499e-91	1.0651493097546e-88	5.73155277059286e-76	6.8205477970055e-74
Cluster_110	31.2975358819843	0.512448542146954	0.842798213774038	1	0.816214680922868	1
Cluster_111	32.0981269568971	0.503033083120138	0.596817327494107	1	0.31931989448943	1
Cluster_112	28.042597501145	0.577263091501802	0.999999999786729	1	0.999999999999551	1
Cluster_113	25.4196748207397	0.642314587300008	1	1	1	1
Cluster_114	31.2833749929186	0.509252716451841	0.772696119522527	1	0.825519505264714	1
Cluster_115	27.7712736965164	0.594494410256324	0.999999999999989	1	0.999999999999882	1
Cluster_116	31.2779370148904	0.499328792281449	0.478370607132688	1	0.837283456397974	1
Cluster_117	44.5899839606944	0.212887525486499	2.12807504947735e-119	2.70265531283623e-117	3.2140995634943e-113	4.08190644563776e-111
Cluster_118	34.3047847739791	0.463062494835242	0.00141746228979925	0.116231907763538	4.04130104685303e-05	0.00383923599451038
Cluster_119	43.3469688655006	0.252907020866465	5.15098758704025e-89	6.1296752285779e-87	9.46488434921694e-81	1.13578612190603e-78
Cluster_12	27.8565542869856	0.589131494314129	0.999999999999706	1	0.999999999999841	1
Cluster_120	27.814198399235	0.581388152003251	0.999999999976056	1	0.999999999999998	1
Cluster_121	55.1526640016633	0.104213430562887	8.71178711786494e-225	1.18480304802963e-222	1.58377155824418e-279	2.15392931921208e-277
Cluster_122	32.1940668317654	0.492904255085916	0.283173288338259	1	0.260866681249497	1
Cluster_123	28.6871030295286	0.543742337185751	0.999796130129449	1	0.999999999932746	1
Cluster_124	29.6556527204108	0.528560900295298	0.989504324427641	1	0.999984927615486	1
Cluster_125	30.1984045137764	0.535762891657293	0.998074811567219	1	0.997928926611683	1
Cluster_126	33.9361688735847	0.477860263997126	0.0367900449062959	1	0.000557589172160044	0.0473950796336037
Cluster_127	34.0806614648291	0.472567335794428	0.0133128455407891	1	0.000183442975048847	0.0163264247793474
Cluster_128	31.3487059947255	0.522978745651063	0.968345842847634	1	0.780451044112323	1
Cluster_129	27.361036257108	0.609298081998647	1	1	0.999999999999999	1
Cluster_13	34.9141032109379	0.443504716161771	2.48976573802289e-06	0.000234037979374152	3.15442446774742e-07	3.12288022306995e-05
Cluster_130	29.2947778319313	0.546653152568213	0.99991846107572	1	0.999998947982777	1
Cluster_131	47.182505960029	0.187250932186097	3.03002524713471e-141	3.96933307374647e-139	1.18197641782489e-142	1.54838910735061e-140
Cluster_132	32.8091766903207	0.454981862213535	0.000137314338301338	0.0120836617705177	0.032049020569026	1
Cluster_133	31.5679184511266	0.508182662940733	0.745783387076897	1	0.667567894601641	1
Cluster_134	32.249629446875	0.489961397123926	0.208606329892297	1	0.230288823758835	1
Cluster_14	51.0904645295135	0.134392481124391	3.64665338649428e-192	4.92298207176728e-190	3.24997988623424e-231	4.38747284641622e-229
Cluster_15	31.6332180377213	0.479183285241357	0.0462557158525248	1	0.638140260841763	1
Cluster_16	27.7385317137325	0.578823902415167	0.999999999905565	1	1	1
Cluster_17	43.8914402701075	0.203203920662573	1.97104567805168e-127	2.54264892468667e-125	2.39151103303242e-118	3.0611341222815e-116
Cluster_18	24.661995278557	0.662081485966193	1	1	1	1
Cluster_19	33.6555392705998	0.401700955037515	9.78772217330245e-16	9.9834766167685e-14	6.0931642740234e-05	0.005727574417582
Cluster_2	43.4619771913348	0.228798352674122	8.92860012198341e-107	1.10714641512594e-104	1.51062265169159e-96	1.85806586158066e-94
Cluster_20	37.9689811651698	0.322930175846304	9.4973480463512e-47	1.03521093705228e-44	1.30066539003333e-32	1.41772527513633e-30
Cluster_21	39.2088300028539	0.279783999284945	3.74885733546022e-71	4.34867450913386e-69	4.46574458987229e-51	5.13560627835313e-49
Cluster_22	44.221229858842	0.227590010135574	1.04062577650602e-107	1.30078222063253e-105	1.13483830830462e-98	1.40719950229773e-96
Cluster_23	42.7224682114096	0.229558942325043	3.43753587899411e-106	4.22816913116276e-104	2.35256330618464e-92	2.87012723354526e-90
Cluster_24	44.3096732690186	0.229646637805859	4.01463024024719e-106	4.89784889310157e-104	2.34415252224611e-104	2.93019065280764e-102
Cluster_25	46.6768816172675	0.184123407778926	4.88555924459968e-144	6.44893820287158e-142	6.599934836969e-146	8.71191398479908e-144
Cluster_26	38.5709709269227	0.305386863554264	4.89265088325094e-56	5.43084248040854e-54	4.01986979250306e-40	4.4620554696784e-38
Cluster_27	29.7171831948756	0.543236401719506	0.999762200609287	1	0.999919857089535	1
Cluster_28	33.5776874204187	0.476570971783979	0.0291517230545991	1	0.00236589284669222	0.198734999122146
Cluster_29	29.4143582051899	0.530894106020463	0.99373220388571	1	0.99999917601579	1
Cluster_3	33.9193276251501	0.455967593146935	0.000186514357756774	0.0162267491248393	0.000209348455826376	0.0184226641127211
Cluster_30	38.6016451960849	0.300212830186134	6.0844090123376e-59	6.81453809381811e-57	1.25723533398836e-41	1.40810357406696e-39
Cluster_31	34.2432104000739	0.432168388814779	2.10522034506035e-08	2.02101153125794e-06	8.59078166593587e-06	0.000833305821595779
Cluster_32	29.7136008750683	0.556361210939674	0.999997378392323	1	0.999846368088791	1
Cluster_33	31.6540991163623	0.49766510782328	0.425166498678633	1	0.613229116207435	1
Cluster_34	30.8015125935084	0.491345973849882	0.242159682073113	1	0.979374923523219	1
Cluster_35	31.7666767212236	0.456723966668971	0.000234962348156587	0.0199717995933099	0.541609145973244	1
Cluster_36	33.7693630591643	0.401314757631615	7.60571445529048e-16	7.83388588894919e-14	2.26557309663162e-05	0.00217495017276636
Cluster_37	32.4303587901082	0.497533564602056	0.421004580642513	1	0.158173552732713	1
Cluster_38	31.2843746926029	0.508314206161957	0.749179472748571	1	0.82551986596663	1
Cluster_39	33.3019267499324	0.458587495636307	0.000408841884833633	0.0343427183260252	0.00452166582908328	0.375298263813912
Cluster_4	40.0510919722936	0.298522162503099	6.5838033724655e-60	7.43969781088602e-58	1.19728005815485e-48	1.36489926629653e-46
Cluster_40	27.7135307676999	0.594480918643891	0.999999999999989	1	0.999999999999989	1
Cluster_41	35.0625457388763	0.389510439978346	2.14592215456452e-19	2.25321826229275e-17	2.17785339750904e-10	2.24318899943431e-08
Cluster_42	34.0401142140122	0.456322591199084	0.000207955989059662	0.0178842150591309	0.000125645212390793	0.0114337143275622
Cluster_43	30.0672022067562	0.535968638746899	0.998174232131717	1	0.999091796719112	1
Cluster_44	32.3557284481792	0.449444398535485	2.19782432768519e-05	0.00204397662474723	0.139468032528645	1
Cluster_45	25.960376767308	0.636385023635619	1	1	1	1
Cluster_46	31.7560523649837	0.512466249888273	0.843142150882724	1	0.540347501233164	1
Cluster_47	28.0334859013136	0.568184079560038	0.999999982086276	1	0.999999999999986	1
Cluster_48	30.4558180065081	0.535721573594216	0.998054262498644	1	0.989591779875923	1
Cluster_49	33.7484082793354	0.427874683157914	2.79162986672751e-09	2.70788097072568e-07	0.00013090063851169	0.0117810574660521
Cluster_5	27.1100868393657	0.590876128446896	0.999999999999896	1	1	1
Cluster_50	32.844334299744	0.481483605161216	0.0672751791449974	1	0.0427199715255723	1
Cluster_51	45.4596761196798	0.204756299318168	3.98458686272639e-126	5.10027118428978e-124	3.08592827484562e-122	3.98084747455085e-120
Cluster_52	28.039166055922	0.575420643178894	0.999999999453138	1	0.999999999999717	1
Cluster_53	31.3746562598917	0.48407399474839	0.0990375580852529	1	0.803339621323109	1
Cluster_54	31.7736921071071	0.493575462804468	0.30181171572257	1	0.530521531735239	1
Cluster_55	30.7601777814844	0.505970881727466	0.685286991003476	1	0.976640766871374	1
Cluster_56	36.0794266645753	0.361606412563389	2.4354834290708e-29	2.60596726910576e-27	4.01127364301398e-17	4.29206279802496e-15
Cluster_57	35.6743785035957	0.451936130706741	5.13197063599412e-05	0.00472141298511459	9.79748443149565e-09	9.99343412012556e-07
Cluster_58	41.8215222581165	0.258260661325112	2.70899473105562e-85	3.19661378264563e-83	3.53623337560475e-73	4.17275538321361e-71
Cluster_59	35.7778757189678	0.423556523953515	3.25097532268707e-10	3.2184655694602e-08	1.12045668339737e-10	1.16527495073326e-08
Cluster_6	34.7928119141082	0.410238616030397	2.02264081645592e-13	2.04286722462048e-11	1.54255929968397e-08	1.54255929968397e-06
Cluster_60	41.1863406495415	0.273819863363695	6.11811308929121e-75	7.15819231447072e-73	1.58751034284263e-63	1.85738710112588e-61
Cluster_61	38.8842252368978	0.290557895038628	1.44703496871685e-64	1.64961986433721e-62	5.55857246609752e-46	6.2811868866902e-44
Cluster_62	50.4395570135071	0.137778032619346	1.14946758482965e-188	1.54028656367173e-186	4.08270748130909e-216	5.47082802495418e-214
Cluster_63	31.887427767325	0.4902455642108	0.215260155974726	1	0.450048727993152	1
Cluster_64	29.2217300477213	0.549394479569483	0.999967213032314	1	0.999999306690452	1
Cluster_65	30.645931399134	0.51639315233211	0.907382471554962	1	0.98312743793754	1
Cluster_66	28.7576364642153	0.556846908987269	0.999997826527679	1	0.999999996419983	1
Cluster_67	35.5788425673424	0.3725742502458	3.60189373788593e-25	3.81800736215909e-23	5.05965678377781e-14	5.3126396229667e-12
Cluster_68	32.1587893765534	0.476281745342442	0.0276327436339233	1	0.265583432478222	1
Cluster_69	32.2119191874571	0.493518966677404	0.30022182435545	1	0.25027782963871	1
Cluster_7	33.8849903794472	0.454429549329551	0.000115360563620128	0.0103824507258115	0.000262502060608565	0.0228376792729452
Cluster_70	37.0753862436275	0.337924416614246	1.68832243840903e-39	1.82338823348175e-37	1.66868025418097e-24	1.80217467451545e-22
Cluster_71	32.5357423965609	0.500982358030292	0.531638370912084	1	0.122407761350182	1
Cluster_72	31.7781354218904	0.498179475547296	0.441516639334797	1	0.527107738713991	1
Cluster_73	32.8423148970804	0.416409342267029	7.12443491812304e-12	7.12443491812304e-10	0.0142145080042457	1
Cluster_74	31.8560835792043	0.476863571128624	0.0307583627501634	1	0.47080220428858	1
Cluster_75	27.8894909739012	0.58279802550252	0.99999999998894	1	0.999999999999876	1
Cluster_76	29.9439287877719	0.524029404969298	0.973927131147651	1	0.999831777928627	1
Cluster_77	30.671103402823	0.508153150038535	0.74501814652411	1	0.983976263105529	1
Cluster_78	30.8870748597351	0.515517883975506	0.895092230190057	1	0.951852864901185	1
Cluster_79	34.2502026116489	0.47439713573068	0.0192689492686489	1	9.23806923074995e-05	0.00849902369228995
Cluster_8	30.0716231095838	0.521028364428689	0.955378128679793	1	0.999563447355077	1
Cluster_80	29.4912472239613	0.539540543138588	0.999301950415187	1	0.999994218807679	1
Cluster_81	31.6223168506335	0.486824597233208	0.143490928819316	1	0.639662139705716	1
Cluster_82	33.7725595460289	0.454114182888925	0.000104349272562999	0.00949578380323291	0.000433315025673448	0.0372650922079165
Cluster_83	28.5569664400106	0.56906272081975	0.999999988062366	1	0.999999999081738	1
Cluster_84	37.0338454724876	0.425313806472938	7.91175465789194e-10	7.7535195647341e-08	1.24860585509541e-14	1.32352220640113e-12
Cluster_85	43.7234091669239	0.219059938174686	2.04140789407004e-114	2.57217394652825e-112	5.35016341164302e-107	6.74120589867021e-105
Cluster_86	30.1517669242838	0.529648661547724	0.991713519158714	1	0.998818739893648	1
Cluster_87	34.1642948865567	0.46446983865718	0.00204355796962751	0.165528195539828	8.79721695434259e-05	0.00818141176753861
Cluster_88	30.5492776487775	0.519054372884557	0.938204347472485	1	0.989908356618356	1
Cluster_89	28.4453871546298	0.584735758338238	0.999999999996253	1	0.999999998184209	1
Cluster_9	37.9726235043451	0.314342764532575	3.46511324300007e-51	3.81162456730008e-49	1.95021138159934e-34	2.14523251975927e-32
Cluster_90	30.9744097227175	0.503669718581829	0.616601495690307	1	0.940445372723643	1
Cluster_91	29.9876758376843	0.539017743156801	0.999192562088881	1	0.999375130891452	1
Cluster_92	29.8500896935772	0.532260975005101	0.995435170220901	1	0.999861006633337	1
Cluster_93	32.5333883539517	0.45450206674638	0.000118042358398135	0.010505769897434	0.0844190999385753	1
Cluster_94	34.9891707342333	0.461691409721719	0.000981094399292215	0.0814308351412538	9.3061865398114e-07	9.12006280901517e-05
Cluster_95	39.8627930548446	0.282765645632681	2.68881220296019e-69	3.09213403340422e-67	1.4233077175876e-53	1.65103695240162e-51
Cluster_96	24.5907351145221	0.667559923839848	1	1	1	1
Cluster_97	31.372101450753	0.525233531378961	0.979286947051966	1	0.767416840563407	1
Cluster_98	26.0241224645128	0.626662630425947	1	1	1	1
Cluster_99	31.2377732768838	0.507019854594147	0.714747290133081	1	0.846975288715828	1
