Family	Mean	P_value_F	P_value_W	P_adjust_W	P_value_T	P_adjust_T
All_BS	130.048944235675	1.68645155414943e-06	0	0	0	0
All_PM	41.7769031674308	0.499541285177271	0.500013592969285	1	0.5	1
Cluster_1	56.9546131668433	0.178173606695887	1.99491503785559e-149	2.39389804542671e-147	9.87797624202242e-161	1.18535714904269e-158
Cluster_10	53.2998999263549	0.235416831798381	9.78338000078635e-102	1.12508870009043e-99	5.77568079921221e-100	6.64203291909404e-98
Cluster_100	39.7201552394948	0.532348670485917	0.995528787523988	1	0.999940637529271	1
Cluster_101	96.288996839064	0.00249257539703286	0	0	0	0
Cluster_102	43.2083544818373	0.467117567597194	0.00393749332274344	0.283499519237528	0.00633893032653512	0.443725122857458
Cluster_103	37.9879576445168	0.571619381375841	0.999999996436353	1	0.999999999999516	1
Cluster_104	38.9608448467245	0.55952752373259	0.999999247978395	1	0.999999507591883	1
Cluster_105	42.0162299470139	0.507922106175617	0.738986011758735	1	0.345823039285397	1
Cluster_106	44.6944921770675	0.452831636481995	6.89524033322824e-05	0.00544723986325031	2.38134505151879e-06	0.00019765163927606
Cluster_107	38.6085067111339	0.565639224164827	0.999999943543813	1	0.999999993301739	1
Cluster_108	45.838353551404	0.411956266938298	5.58647800108115e-13	5.86580190113521e-11	2.0340281758906e-12	2.11538930292622e-10
Cluster_109	42.8741059665089	0.477492617558322	0.0344612920780414	1	0.030968128787112	1
Cluster_11	52.1558172578171	0.282095281139906	1.03405091692658e-69	1.15813702695777e-67	3.99018952696303e-67	4.46901227019859e-65
Cluster_110	39.9718146148694	0.535705552304452	0.99804624103295	1	0.999316213164703	1
Cluster_111	42.426705997529	0.483019962527046	0.0849949468808345	1	0.134347262019132	1
Cluster_112	44.1052941942414	0.445181892232373	4.70929974545056e-06	0.000404999778108748	2.36384933738042e-05	0.00189107946990434
Cluster_113	41.0040853852273	0.509097562908859	0.76889621338321	1	0.920547128050026	1
Cluster_114	43.4777916428629	0.478636031712035	0.0421267503595376	1	0.00347950577686197	0.257483427487786
Cluster_115	45.0655297195406	0.43468457453357	6.5142321309479e-08	5.99309356047207e-06	3.11177023520659e-08	2.95618172344626e-06
Cluster_116	39.4227222726931	0.547251842869936	0.99993290597643	1	0.999985540835164	1
Cluster_117	43.0113327196394	0.452584571329312	6.3588365404611e-05	0.00508706923236888	0.00835384309884194	0.568061330721252
Cluster_118	45.8921184438579	0.438689896974675	3.62104967956395e-07	3.18652371801628e-05	2.61859841654762e-10	2.6447844007131e-08
Cluster_119	44.6418462139206	0.416519804843826	7.57660645400126e-12	7.87967071216131e-10	3.22163048526044e-08	3.02833265614481e-06
Cluster_12	41.1260893858418	0.506760141054808	0.707576534335217	1	0.876525357150974	1
Cluster_120	44.8156492979853	0.450158610768668	2.81367337598034e-05	0.00230721216830388	6.26840466951192e-07	5.45351206247537e-05
Cluster_121	55.4385490360664	0.196895748624277	8.29408366603483e-133	9.7870187259211e-131	1.17327621266187e-138	1.38446593094101e-136
Cluster_122	43.1336368755368	0.473195538998349	0.0151481857845382	1	0.0124290906467485	0.820319982685401
Cluster_123	40.7562585219364	0.511790826040836	0.829672491523015	1	0.971169360943096	1
Cluster_124	43.3357265025075	0.469524977190743	0.00689227830564407	0.482459481395085	0.00468228244461819	0.332442053567891
Cluster_125	43.241307466843	0.474167778319316	0.0184159408508295	1	0.00757063328941786	0.522373696969832
Cluster_126	43.0082289393499	0.485455198571238	0.119910671175468	1	0.0229206048161176	1
Cluster_127	41.139157601369	0.526184690055501	0.982832159867924	1	0.851008131979676	1
Cluster_128	45.4178167224865	0.437152696383067	1.89728645408864e-07	1.68858494413889e-05	4.53702797964919e-09	4.35554686046322e-07
Cluster_129	40.1335330148157	0.543458170098877	0.999777674592476	1	0.997414237703092	1
Cluster_13	42.9988884413495	0.470577322960532	0.00870850758123831	0.600887023105443	0.0176611510320689	1
Cluster_130	40.6961389339733	0.524460293341383	0.975965095099392	1	0.966719847686584	1
Cluster_131	43.7155725716131	0.432387627516818	2.32667064225728e-08	2.21033711014442e-06	7.59943063696831e-05	0.00600355020320496
Cluster_132	42.3775856062287	0.485701420498144	0.123935680305337	1	0.148347649282283	1
Cluster_133	38.7798640674451	0.558011403785409	0.99999862172522	1	0.999999974652686	1
Cluster_134	42.7931215203338	0.487128158512954	0.149115659404137	1	0.0480644648115225	1
Cluster_14	53.5582870673637	0.227833702385148	1.60652857984287e-107	1.86357315261773e-105	1.91961441051432e-106	2.22675271619661e-104
Cluster_15	44.4698230217501	0.466459851491076	0.0033587242984236	0.245186873784923	1.73909099274439e-05	0.0014260546140504
Cluster_16	41.6511260730554	0.497805083302275	0.429604373187279	1	0.586896439212418	1
Cluster_17	42.904964310931	0.452396531981024	5.97720942569192e-05	0.00484153963481046	0.0141813975833381	0.921790842916977
Cluster_18	44.7688405474655	0.424325545862207	4.80951349257433e-10	4.85760862750007e-08	5.63779572953667e-08	5.2431500284691e-06
Cluster_19	89.9348480508021	0.00466472499877732	0	0	0	0
Cluster_2	43.2218996187844	0.447628090211667	1.1559554542021e-05	0.000982562136071785	0.00262855313508527	0.197141485131395
Cluster_20	109.729824072628	0.000391256760562668	0	0	0	0
Cluster_21	67.1495496266133	0.0696512924121485	2.5715437994622e-265	3.13728343534388e-263	0	0
Cluster_22	46.2535290003489	0.396117957167503	2.32562858027243e-17	2.55819143829967e-15	2.78768308989399e-15	3.03857456798445e-13
Cluster_23	43.9737713323272	0.434429920348893	5.82113602776499e-08	5.41365650582144e-06	2.11437229504521e-05	0.00171264155898662
Cluster_24	97.5454047958177	0.00188966896642444	0	0	0	0
Cluster_25	56.1763229527365	0.192249574592595	7.71190793370696e-137	9.17717044111128e-135	2.93352675811077e-144	3.49089684215182e-142
Cluster_26	82.9038700476564	0.0106786112408742	0	0	0	0
Cluster_27	42.8947863771822	0.485426528894818	0.119448065098205	1	0.0370240589237601	1
Cluster_28	40.5534739684007	0.520305719937736	0.949601317810895	1	0.983424800431946	1
Cluster_29	40.5473992435158	0.519289632876361	0.940488257968509	1	0.987094833152284	1
Cluster_3	43.5824515070033	0.464664623811684	0.00214766403964444	0.158927138933689	0.00120163440034551	0.0925258488266043
Cluster_30	74.6988468259793	0.0286190828739158	0	0	0	0
Cluster_31	40.3555237530369	0.518092252272915	0.928145775945777	1	0.996116868530626	1
Cluster_32	38.8327227849978	0.568267558911969	0.999999982760276	1	0.999999831365857	1
Cluster_33	45.8589178546198	0.434391131963148	5.72203516188874e-08	5.37871305217542e-06	1.68312375522523e-10	1.71678623032973e-08
Cluster_34	44.5080603716989	0.443328481974363	2.32609653006881e-06	0.000202370398115986	1.96147367715386e-06	0.000164763788880924
Cluster_35	84.0623312856042	0.0107612473670275	0	0	0	0
Cluster_36	92.0387291275756	0.00423467985246922	0	0	0	0
Cluster_37	42.5840492178814	0.481569614190478	0.0681850185617545	1	0.0853005605552008	1
Cluster_38	40.921939299216	0.516261609110886	0.90560663047378	1	0.929964692468769	1
Cluster_39	40.3011806486198	0.525332188794879	0.979681398156549	1	0.995731057074715	1
Cluster_4	41.1350927116674	0.497164231711698	0.409367731839842	1	0.88748121579009	1
Cluster_40	42.0851411780985	0.498761301333477	0.460130468836946	1	0.298886056846093	1
Cluster_41	40.6106113547355	0.506857955244949	0.710287035490609	1	0.988722305329267	1
Cluster_42	41.1133128442419	0.511956098293142	0.83303500991046	1	0.869592353927421	1
Cluster_43	46.6358563650558	0.431444901098049	1.51012886451319e-08	1.46482499857779e-06	9.84078940658368e-13	1.03328288769129e-10
Cluster_44	45.2522151536114	0.430462543067757	9.56738501917814e-09	9.37603731879458e-07	3.04613675834962e-09	2.95475265559913e-07
Cluster_45	44.807700099971	0.429427061813509	5.87448226674747e-09	5.81573744408e-07	6.14916791268529e-08	5.65723447967047e-06
Cluster_46	43.1554168721378	0.47286077836485	0.014144776215687	0.961844782666716	0.0104754509797014	0.701855215639994
Cluster_47	44.5282690790103	0.435768119657111	1.04651914385297e-07	9.52332420906203e-06	9.58547851802523e-07	8.2435115255017e-05
Cluster_48	45.6150604855678	0.420708107278556	7.37451693775807e-11	7.59575244589081e-09	8.16273207867196e-11	8.40761404103212e-09
Cluster_49	43.3795797508385	0.473478019633669	0.0160418870551506	1	0.0038688941673343	0.27856038004807
Cluster_5	46.0212839539745	0.407595946445044	4.08341019354576e-14	4.36924890709396e-12	2.2134599304354e-13	2.34626752626152e-11
Cluster_50	40.9999876744655	0.509626265471085	0.781698855650565	1	0.919328682760161	1
Cluster_51	44.9071370424968	0.404825106541577	7.26937730691319e-15	7.85092749146625e-13	6.74518816665969e-10	6.74518816665969e-08
Cluster_52	39.1928772388155	0.557424518644565	0.999998264215552	1	0.999997578029334	1
Cluster_53	39.5257918465419	0.548590042178153	0.999956956222622	1	0.999973371671507	1
Cluster_54	42.4987141560647	0.495637993055193	0.36222633837232	1	0.123467946669096	1
Cluster_55	47.6551251539149	0.400127495737494	3.48154410312729e-16	3.79488307240875e-14	4.89130432728951e-19	5.38043476001846e-17
Cluster_56	120.95484536413	2.02374186497932e-05	0	0	0	0
Cluster_57	45.3247804745382	0.452942942284568	7.15057500418209e-05	0.00550594275322021	6.56537477905158e-08	5.97449104893694e-06
Cluster_58	54.2078596334013	0.224309018636976	2.89575518145069e-110	3.38803356229731e-108	3.57173995329409e-110	4.17893574535409e-108
Cluster_59	40.1465248717083	0.530905067955565	0.993747843302833	1	0.997687053148165	1
Cluster_6	43.3589916772011	0.467572909516815	0.00438895328502343	0.311615683236664	0.00354062678855367	0.258465755564418
Cluster_60	48.3081954248803	0.325013786741455	1.05439805699819e-45	1.17038184326799e-43	2.07657859932913e-37	2.30500224525533e-35
Cluster_61	69.2937521971967	0.0536738503881368	3.38649644207915e-285	4.16539062375735e-283	0	0
Cluster_62	52.0708453463077	0.254391098234117	5.64269006351515e-88	6.37623977177212e-86	2.72801216477573e-83	3.08265374619657e-81
Cluster_63	41.3856136154413	0.507229817812639	0.720482482636702	1	0.748572949415026	1
Cluster_64	39.1353538859916	0.55301276137891	0.999990830489697	1	0.999998873466637	1
Cluster_65	43.6169427861209	0.459781503336644	0.000576528306077669	0.0432396229558252	0.000891673682125615	0.069550547205798
Cluster_66	39.594311082034	0.557160588976341	0.999998075879486	1	0.999837789176932	1
Cluster_67	102.348797602644	0.00102957867380823	0	0	0	0
Cluster_68	41.7336697998208	0.501273270923383	0.540978426908471	1	0.529206556441525	1
Cluster_69	39.6114313113167	0.543195083656429	0.999759208841847	1	0.999934748634313	1
Cluster_7	39.6629681781956	0.546122763554433	0.999903265956119	1	0.999875502727164	1
Cluster_70	43.4266030006881	0.457155698266834	0.000267642167835881	0.020340804755527	0.00169489110983986	0.128811724347829
Cluster_71	41.8869037738977	0.496746834952046	0.396312483113644	1	0.425532865494864	1
Cluster_72	40.5954130554752	0.524967072033405	0.978189051015503	1	0.979223143070651	1
Cluster_73	78.0912808827907	0.021432269575908	0	0	0	0
Cluster_74	44.9352213547577	0.449634124335327	2.34761069889486e-05	0.00194851688008273	3.94113879129189e-07	3.50761352424978e-05
Cluster_75	41.3061043810907	0.500387883857454	0.512503480069375	1	0.800620044537141	1
Cluster_76	46.8650652127344	0.422288312384794	1.69019827495868e-10	1.72400224045785e-08	1.77106359386905e-14	1.91274868137857e-12
Cluster_77	42.4268096374432	0.499250372284181	0.475846483247783	1	0.147066964342281	1
Cluster_78	42.2913686659861	0.496694554953867	0.394685119586275	1	0.199751816500545	1
Cluster_79	41.4308529523612	0.510708967368849	0.806601816597444	1	0.718597151705725	1
Cluster_8	42.847680994526	0.492556846065761	0.273748146431632	1	0.0461598255881651	1
Cluster_80	41.1737514891825	0.511839733135906	0.830672011490647	1	0.852269600757791	1
Cluster_81	44.7766695745473	0.452883916480173	7.01408155785999e-05	0.00547098361513079	1.41883384759528e-06	0.000120600877045599
Cluster_82	39.4355518576148	0.548272989285973	0.99995213479165	1	0.99998223391435	1
Cluster_83	40.2758129242917	0.537543784498475	0.998793683398739	1	0.995091068252952	1
Cluster_84	45.5272929410412	0.435988201584927	1.15125192968189e-07	1.0361267367137e-05	2.07400352080231e-09	2.03252345038626e-07
Cluster_85	93.2097375262531	0.00412674695300365	0	0	0	0
Cluster_86	42.854563978604	0.484046168297746	0.0986462464840733	1	0.0379852115245899	1
Cluster_87	39.7157503988686	0.544715419732495	0.999849048889766	1	0.999810694204862	1
Cluster_88	45.3002292763988	0.425432701307506	8.39648527270945e-10	8.39648527270945e-08	1.4144632017443e-09	1.40031856972686e-07
Cluster_89	44.8461123704171	0.448653452756589	1.66561304022165e-05	0.00139911495378619	5.62279040231882e-07	4.94805555404056e-05
Cluster_9	53.7784058302428	0.249137801642941	1.10545565066065e-91	1.26021944175314e-89	3.24586562269047e-91	3.70028680986714e-89
Cluster_90	42.2862857405467	0.490481667428381	0.220881064638082	1	0.19597379398166	1
Cluster_91	39.9293403204518	0.541932774668148	0.999648983224353	1	0.999283289042231	1
Cluster_92	46.1790100189272	0.408366654805291	6.54175890480475e-14	6.93426443909303e-12	2.08168334572838e-13	2.22740117992937e-11
Cluster_93	44.807397020396	0.432353055259958	2.29030843963373e-08	2.19869610204838e-06	9.43531529452828e-08	8.49178376507545e-06
Cluster_94	40.0167014573703	0.538751283811246	0.999130931996078	1	0.998964748440098	1
Cluster_95	64.4841773971781	0.108450640092687	4.74254020087827e-220	5.73847364306271e-218	1.47781187920544e-275	1.78815237383858e-273
Cluster_96	41.7550865093182	0.494872344049609	0.339294302795581	1	0.515574949149312	1
Cluster_97	40.6412313835636	0.524806015909984	0.977501912674553	1	0.97441541994437	1
Cluster_98	42.3959363737742	0.493983584080572	0.313407466816769	1	0.153900831761938	1
Cluster_99	42.5419445316906	0.505991119146116	0.685867519227789	1	0.119195659584486	1
