Family	Mean	P_value_F	P_value_W	P_adjust_W	P_value_T	P_adjust_T
All_BS	70.8726588395093	0.128254640693064	1.36865745602209e-198	1.86137414019004e-196	4.05693505293153e-221	5.51743167198688e-219
All_PM	45.2893905447991	0.499541285177271	0.500013592969285	1	0.5	1
Cluster_1	28.9498191856354	0.781563205674572	1	1	1	1
Cluster_10	30.9914927558441	0.739254352309848	1	1	1	1
Cluster_100	44.7644933739891	0.496765385919141	0.396890370833272	1	0.740930668511389	1
Cluster_101	39.1683665623524	0.567893166666948	0.999999979531884	1	1	1
Cluster_102	34.3520752217889	0.669971549562282	1	1	1	1
Cluster_103	41.026918932184	0.551201512409754	0.999982469991628	1	0.999999980254411	1
Cluster_104	39.8923737147781	0.578860161123582	0.999999999907352	1	0.999999999994684	1
Cluster_105	37.30035685401	0.611366514829812	1	1	1	1
Cluster_106	43.6443052325015	0.51889500321269	0.936618701706597	1	0.978120130475299	1
Cluster_107	45.0380258638988	0.503313034078127	0.605550958670507	1	0.616507446234103	1
Cluster_108	34.1764066215296	0.675050298417603	1	1	1	1
Cluster_109	40.769001591453	0.554318074881822	0.999994324585503	1	0.999999998266958	1
Cluster_11	29.4286511965468	0.770036309301961	1	1	1	1
Cluster_110	42.1397315123022	0.535869138105204	0.998126749815948	1	0.999970023630021	1
Cluster_111	44.1440972460664	0.500623987075035	0.520109065218445	1	0.925525461570339	1
Cluster_112	33.9419404296932	0.676403675789807	1	1	1	1
Cluster_113	35.1117993084848	0.670232106327398	1	1	1	1
Cluster_114	42.4038246635911	0.522045294715841	0.962591405127446	1	0.99993035958995	1
Cluster_115	37.7185055439607	0.612077354159886	1	1	1	1
Cluster_116	41.9363131568716	0.541770032093173	0.999631767892417	1	0.999985821712235	1
Cluster_117	32.5503714458209	0.703594334197359	1	1	1	1
Cluster_118	45.1545266446463	0.485802607591393	0.125616904989934	1	0.56691126704265	1
Cluster_119	34.093916860335	0.676421383531126	1	1	1	1
Cluster_12	40.2023006267679	0.585412025411452	0.999999999997446	1	0.999999999726169	1
Cluster_120	34.0534934603037	0.679810307929189	1	1	1	1
Cluster_121	35.6320377238339	0.663074805931587	1	1	1	1
Cluster_122	44.0608492139183	0.51578181364373	0.898916541294084	1	0.929716885293116	1
Cluster_123	37.2153189070588	0.628882843896985	1	1	1	1
Cluster_124	37.4762322889061	0.619763357117922	1	1	1	1
Cluster_125	42.8613398217412	0.536427353569628	0.998379292678869	1	0.998295033134358	1
Cluster_126	42.4708825058638	0.523402888216932	0.970707639254655	1	0.999884254431429	1
Cluster_127	39.165395955631	0.588653385298527	0.99999999999961	1	0.999999999999999	1
Cluster_128	41.9994242866529	0.530903381504011	0.993745439490066	1	0.999992230829134	1
Cluster_129	34.6284802892259	0.662968559483676	1	1	1	1
Cluster_13	40.4887779918803	0.553157796212567	0.999991301886201	1	0.999999999949713	1
Cluster_130	38.7444918284342	0.586003126681181	0.999999999998178	1	1	1
Cluster_131	35.5617819146864	0.648726476108884	1	1	1	1
Cluster_132	36.3048017606261	0.640067390604104	1	1	1	1
Cluster_133	41.3331061007883	0.552452859462933	0.99998877216774	1	0.999999744742791	1
Cluster_134	39.4064830675976	0.575239349636823	0.999999999400749	1	0.999999999999998	1
Cluster_14	33.2694308380841	0.693010164243517	1	1	1	1
Cluster_15	35.1034288951736	0.652488106300414	1	1	1	1
Cluster_16	40.7880803308473	0.562196333317031	0.999999750083241	1	0.999999994557988	1
Cluster_17	37.2907873480794	0.616593671421898	1	1	1	1
Cluster_18	37.6315355990323	0.622746689917212	1	1	1	1
Cluster_19	36.2942789733287	0.631701747669746	1	1	1	1
Cluster_2	35.0087124193054	0.676912984159161	1	1	1	1
Cluster_20	50.3931044328733	0.362864505422785	7.62242590383895e-29	1.02140507111442e-26	3.97090794492706e-13	5.32101664620226e-11
Cluster_21	30.2365904062715	0.756046350434514	1	1	1	1
Cluster_22	34.2142407564301	0.672614219147634	1	1	1	1
Cluster_23	34.1559190542283	0.673303977833281	1	1	1	1
Cluster_24	37.5759013322326	0.600225815863101	1	1	1	1
Cluster_25	32.0618230447392	0.715869171834235	1	1	1	1
Cluster_26	34.7507661585248	0.662195321446098	1	1	1	1
Cluster_27	42.6791086497507	0.533852985272219	0.996888729852061	1	0.999320951316271	1
Cluster_28	42.6965401251213	0.537139879351256	0.998656502889607	1	0.999221909493886	1
Cluster_29	31.9609374781411	0.715305053789372	1	1	1	1
Cluster_3	40.0483463374357	0.562766353942333	0.99999980362936	1	0.999999999999131	1
Cluster_30	32.8226935288481	0.699942323356848	1	1	1	1
Cluster_31	36.3350488374643	0.633850286949732	1	1	1	1
Cluster_32	37.8085511885397	0.605588731805296	1	1	1	1
Cluster_33	41.014726708031	0.545228101004956	0.999871456357926	1	0.999999995632104	1
Cluster_34	33.5523776933687	0.683871283271581	1	1	1	1
Cluster_35	37.3584179741844	0.611159081288651	1	1	1	1
Cluster_36	39.2172840252189	0.562305109442274	0.999999761284337	1	1	1
Cluster_37	42.9867680418416	0.530407564747091	0.993002225160829	1	0.997591818901667	1
Cluster_38	43.1148412412408	0.514770785937018	0.88370161140993	1	0.997254670375388	1
Cluster_39	43.5148457575309	0.530085452500249	0.992478583242794	1	0.981291831316366	1
Cluster_4	34.6942838625119	0.663428117532182	1	1	1	1
Cluster_40	38.6528907305656	0.604134167339842	1	1	1	1
Cluster_41	33.1103653788779	0.697611647309014	1	1	1	1
Cluster_42	46.0754190693541	0.474516030565248	0.0197241960997012	1	0.16622073217474	1
Cluster_43	39.3987531095274	0.577611343747734	0.999999999821936	1	0.999999999999998	1
Cluster_44	35.7279925628106	0.645950576850754	1	1	1	1
Cluster_45	36.3734163160925	0.645570282025293	1	1	1	1
Cluster_46	44.7567418208879	0.512113781513455	0.836202936614776	1	0.729755725928631	1
Cluster_47	39.3691941866626	0.589117159475918	0.999999999999703	1	0.999999999999959	1
Cluster_48	36.4127282365396	0.632707716021796	1	1	1	1
Cluster_49	34.4434841317714	0.664226652343071	1	1	1	1
Cluster_5	35.1326518832981	0.660741600206422	1	1	1	1
Cluster_50	43.7129351713919	0.516717794256283	0.911659199696108	1	0.974713155630005	1
Cluster_51	36.6803492649734	0.627376842659129	1	1	1	1
Cluster_52	37.0638113511115	0.62172385704962	1	1	1	1
Cluster_53	37.8652501000721	0.610857206460459	1	1	1	1
Cluster_54	37.9691466668159	0.599389335892243	1	1	1	1
Cluster_55	42.6826729638612	0.5232274972553	0.969749363427012	1	0.999625194435957	1
Cluster_56	61.1245106888412	0.214589998330413	5.16270083072086e-118	6.96964612147316e-116	5.80609934148028e-100	7.83823411099838e-98
Cluster_57	43.5636313822921	0.505809825604045	0.680650715380062	1	0.986913592422739	1
Cluster_58	33.910652168089	0.688227387635949	1	1	1	1
Cluster_59	41.5802826295661	0.543539962999253	0.999783140566341	1	0.99999918279685	1
Cluster_6	37.0522198414042	0.617496766229145	1	1	1	1
Cluster_60	30.7368573472058	0.74633913528883	1	1	1	1
Cluster_61	30.909237070838	0.740110226473579	1	1	1	1
Cluster_62	33.2777519476165	0.693405637132965	1	1	1	1
Cluster_63	45.148380018564	0.509232479033191	0.772202484969747	1	0.563590087947469	1
Cluster_64	42.227213674431	0.569394951775918	0.999999989773827	1	0.999656591599914	1
Cluster_65	41.3170501797731	0.54914151183636	0.999964267581522	1	0.999999865768861	1
Cluster_66	36.5045296456636	0.631816426375428	1	1	1	1
Cluster_67	42.5244698147167	0.495085680171209	0.345628727320158	1	0.999978193967158	1
Cluster_68	42.3463092083794	0.526640875200899	0.984339630597396	1	0.999936768772195	1
Cluster_69	42.6367357152302	0.539468025721759	0.999287640557727	1	0.999313155017584	1
Cluster_7	42.8563116903019	0.530596447321156	0.993294080465603	1	0.998606483064992	1
Cluster_70	33.0633522755873	0.701476994271124	1	1	1	1
Cluster_71	41.4507626397214	0.555525574194593	0.999996393112865	1	0.999998970266159	1
Cluster_72	46.631087396255	0.471148186811612	0.00985955479379681	1	0.0540877383515736	1
Cluster_73	37.5728919833803	0.599498112017485	1	1	1	1
Cluster_74	45.6514402137367	0.492328331880174	0.267634358335836	1	0.333846112556071	1
Cluster_75	37.043167381106	0.630108894176851	1	1	1	1
Cluster_76	44.8409500209726	0.501241228343854	0.539950680498069	1	0.705648929360077	1
Cluster_77	38.8132581125412	0.587168464705099	0.999999999999069	1	1	1
Cluster_78	41.9623041713551	0.531286206006803	0.994270564224472	1	0.999993634695199	1
Cluster_79	38.5017524622762	0.591697430353767	0.999999999999937	1	1	1
Cluster_8	39.9835544620958	0.572407797477406	0.999999997565857	1	0.999999999998254	1
Cluster_80	43.0134249325411	0.537106150320173	0.998644425587037	1	0.996605367489938	1
Cluster_81	43.7577122271465	0.506142899785989	0.690206752404979	1	0.974160072098569	1
Cluster_82	46.2139825677663	0.485902108233088	0.127285563145393	1	0.141433753155184	1
Cluster_83	36.1759667032215	0.633756688888477	1	1	1	1
Cluster_84	43.2953844457034	0.527736225485319	0.987502958551978	1	0.991702652899274	1
Cluster_85	37.594902383361	0.600759577779989	1	1	1	1
Cluster_86	46.6349632726321	0.460559800728884	0.000717921866152673	0.0954836081983055	0.0474956097574622	1
Cluster_87	44.2086832928066	0.535154925872022	0.997751624529911	1	0.883830883579764	1
Cluster_88	34.9762549533319	0.658146151264586	1	1	1	1
Cluster_89	43.3734094528618	0.519166521912908	0.939301485772982	1	0.991098851748463	1
Cluster_9	33.1554013408843	0.698852875652868	1	1	1	1
Cluster_90	46.6498207263418	0.476840804032643	0.0306307743747656	1	0.0557855377576202	1
Cluster_91	42.6501187174021	0.528652811904999	0.989709060807137	1	0.999574277883765	1
Cluster_92	40.8889258017762	0.550996608545925	0.99998116089733	1	0.999999996967376	1
Cluster_93	37.085653593575	0.620442153868467	1	1	1	1
Cluster_94	40.5596537159806	0.559597511472087	0.999999268973932	1	0.999999999770629	1
Cluster_95	31.5848259437452	0.725807430842838	1	1	1	1
Cluster_96	37.91228566929	0.606052505982687	1	1	1	1
Cluster_97	41.1449239032319	0.550329616956258	0.999976226830269	1	0.999999956432348	1
Cluster_98	40.3253090129206	0.587366622762711	0.999999999999171	1	0.999999997769724	1
Cluster_99	45.0899007207703	0.497845558139574	0.430889299701567	1	0.59470137936105	1
