Family	Mean	P_value_F	P_value_W	P_adjust_W	P_value_T	P_adjust_T
All_BS	61.9418442523742	0.0299496931501397	0	0	0	0
All_PM	29.7316887826103	0.499541285177271	0.500013592969285	1	0.5	1
Cluster_1	23.8178575035812	0.67994859695663	1	1	1	1
Cluster_10	21.8321631376393	0.737390823342513	1	1	1	1
Cluster_100	28.4777966002595	0.532373967259229	0.995555471958021	1	0.998532700944392	1
Cluster_101	35.9990184297154	0.318777288894211	7.2016607774213e-49	9.36215901064769e-47	1.35791638360814e-45	1.76529129869058e-43
Cluster_102	24.5950030374606	0.652251159857056	1	1	1	1
Cluster_103	29.358958134901	0.506138683657104	0.690086571585186	1	0.813448645073314	1
Cluster_104	23.3599716977103	0.690809344965352	1	1	1	1
Cluster_105	27.1545997527976	0.569260878877363	0.999999989113942	1	0.999999999951112	1
Cluster_106	28.452369224401	0.536958585809185	0.998590412324623	1	0.998907116032518	1
Cluster_107	29.754852184515	0.490499375169699	0.221305993440906	1	0.47779239501941	1
Cluster_108	26.1513052126535	0.606098040174649	1	1	1	1
Cluster_109	27.6528917626748	0.552249642050658	0.99998792167078	1	0.999999887815442	1
Cluster_11	23.4945205254566	0.688588288268537	1	1	1	1
Cluster_110	25.6868301838078	0.61816122814148	1	1	1	1
Cluster_111	27.9954669324127	0.548486325407573	0.999955431916284	1	0.999989462955911	1
Cluster_112	25.4494756896292	0.621932133816558	1	1	1	1
Cluster_113	26.5469664059356	0.588059754351467	0.999999999999447	1	0.999999999999999	1
Cluster_114	28.8859713917227	0.518606619996931	0.93366914337289	1	0.97947408273945	1
Cluster_115	26.359546602448	0.595975957946644	0.999999999999996	1	1	1
Cluster_116	28.14650116206	0.538990759931935	0.999186509298767	1	0.999953686879497	1
Cluster_117	23.3548916097524	0.692864286184083	1	1	1	1
Cluster_118	29.1075582078471	0.514839930450738	0.884791275637458	1	0.934389302304332	1
Cluster_119	25.0226460712393	0.640742814451541	1	1	1	1
Cluster_12	26.4112934881828	0.593505306419815	0.999999999999979	1	1	1
Cluster_120	25.5219873154187	0.623333575058056	1	1	1	1
Cluster_121	26.5002858347915	0.593470734162955	0.999999999999979	1	0.999999999999998	1
Cluster_122	29.3081001037697	0.510907125426461	0.810964428136077	1	0.841243767570348	1
Cluster_123	23.6417231823908	0.683383898772432	1	1	1	1
Cluster_124	25.3351445880825	0.632881420531873	1	1	1	1
Cluster_125	27.938389803221	0.546083975168687	0.999902056167893	1	0.999995338666971	1
Cluster_126	28.8915091369133	0.514412414981761	0.877936799738055	1	0.981118288134701	1
Cluster_127	26.203522409447	0.599619536529384	1	1	1	1
Cluster_128	28.7206605104762	0.519444786419343	0.941957923290931	1	0.993426890745809	1
Cluster_129	26.9159537853651	0.572284686513953	0.999999997415898	1	0.999999999999399	1
Cluster_13	27.401203331331	0.565686444808343	0.999999944712921	1	0.999999992800989	1
Cluster_130	25.9203720763813	0.611722356107737	1	1	1	1
Cluster_131	23.8041722499613	0.683453043286152	1	1	1	1
Cluster_132	22.3728877110487	0.723997868325236	1	1	1	1
Cluster_133	28.0157788779935	0.538645880589111	0.999105380848991	1	0.999990052528623	1
Cluster_134	27.2758434376274	0.57085288914448	0.999999994857281	1	0.999999999520142	1
Cluster_14	23.8715602551699	0.682299510423114	1	1	1	1
Cluster_15	24.6620284673117	0.652168523730903	1	1	1	1
Cluster_16	24.5769299518116	0.654483178488973	1	1	1	1
Cluster_17	25.5516551967916	0.624482891792209	1	1	1	1
Cluster_18	25.4489638821652	0.627783277483679	1	1	1	1
Cluster_19	31.0254243204041	0.451936130706741	5.13197063599412e-05	0.00656892241407247	0.00125929207127861	0.161189385123662
Cluster_2	24.5923320652297	0.65508945782269	1	1	1	1
Cluster_20	50.6309062246204	0.103870237671618	3.58340132101132e-225	4.83759178336528e-223	2.08216723643545e-283	2.81092576918786e-281
Cluster_21	25.6666468404987	0.618420098455042	1	1	1	1
Cluster_22	24.4893575646909	0.652715777260225	1	1	1	1
Cluster_23	24.115288161138	0.667560767065625	1	1	1	1
Cluster_24	39.058217024358	0.274194255608716	1.06492512498221e-74	1.3950519137267e-72	3.03939251029141e-79	3.98160418848175e-77
Cluster_25	24.3927873407316	0.658973355751896	1	1	1	1
Cluster_26	29.4318367555776	0.501442759304575	0.546409947892749	1	0.757644850583536	1
Cluster_27	28.2575842045881	0.540890547607684	0.999524365986646	1	0.999737089892689	1
Cluster_28	26.7373219863309	0.58890045045121	0.999999999999663	1	0.99999999999978	1
Cluster_29	24.7397002918046	0.645313941389063	1	1	1	1
Cluster_3	30.1964090113994	0.493446449260575	0.298186637052923	1	0.147906660701031	1
Cluster_30	25.5133942571734	0.619898273242254	1	1	1	1
Cluster_31	24.476093701207	0.653757161094912	1	1	1	1
Cluster_32	27.9309477653974	0.549525179564929	0.999968643310517	1	0.99999127307955	1
Cluster_33	27.5233639177972	0.568342606006129	0.99999998334515	1	0.999999905392558	1
Cluster_34	22.1308579336619	0.73370508347092	1	1	1	1
Cluster_35	26.659397909427	0.586011558938952	0.999999999998186	1	0.999999999999997	1
Cluster_36	29.080103513179	0.50513946111127	0.66105491632951	1	0.946945729540096	1
Cluster_37	27.8853297202394	0.543437932680227	0.999776302481666	1	0.999998595477639	1
Cluster_38	28.3941057826132	0.530819902152081	0.993625423194393	1	0.999501825595615	1
Cluster_39	28.9721729011841	0.521786424402279	0.960852262293651	1	0.964915893495301	1
Cluster_4	22.5397579785538	0.723061044486906	1	1	1	1
Cluster_40	25.9304314348334	0.610636281306865	1	1	1	1
Cluster_41	24.2046086691598	0.663712284619056	1	1	1	1
Cluster_42	28.8054415698443	0.518785383861671	0.935509786582688	1	0.987529568239925	1
Cluster_43	28.3090507776501	0.533244176261171	0.996391021575859	1	0.999841163191545	1
Cluster_44	24.8438266243255	0.640325417691889	1	1	1	1
Cluster_45	25.8551852563801	0.608722158792905	1	1	1	1
Cluster_46	27.2499503294781	0.567040665406325	0.999999969843357	1	0.999999999557562	1
Cluster_47	24.9370544587173	0.646007916203595	1	1	1	1
Cluster_48	26.5394763538385	0.593502776742484	0.999999999999979	1	0.999999999999997	1
Cluster_49	25.9924118047797	0.617504355261139	1	1	1	1
Cluster_5	22.7926359813266	0.71363378029921	1	1	1	1
Cluster_50	28.9879315380943	0.523022593391471	0.968597078464757	1	0.959499418201422	1
Cluster_51	24.104927402989	0.669652810218547	1	1	1	1
Cluster_52	25.4800167912309	0.625549572400208	1	1	1	1
Cluster_53	23.7365245433111	0.677860769932592	1	1	1	1
Cluster_54	25.2913320864575	0.627498267171028	1	1	1	1
Cluster_55	29.0375921717812	0.516698400063411	0.911407913256481	1	0.950857525536014	1
Cluster_56	53.3182608875857	0.110960923231039	2.86907413481152e-217	3.84455934064744e-215	2.80489442218113e-268	3.75855852572271e-266
Cluster_57	29.4517067328302	0.501068367059554	0.534401826287902	1	0.750399520312587	1
Cluster_58	24.4730260074226	0.661858874361046	1	1	1	1
Cluster_59	31.0326418895211	0.451070137833686	3.83873706885986e-05	0.00495197081882922	0.000857233307823527	0.110583096709235
Cluster_6	24.3484581278092	0.654134083017264	1	1	1	1
Cluster_60	24.0810228454998	0.671889044979349	1	1	1	1
Cluster_61	26.4304325851153	0.586560498919828	0.999999999998677	1	1	1
Cluster_62	24.3032622379205	0.673692704916512	1	1	1	1
Cluster_63	27.5129322844346	0.558645509569769	0.999998928335509	1	0.999999981068648	1
Cluster_64	25.2854963441785	0.629731129028722	1	1	1	1
Cluster_65	28.66865307179	0.525148365575476	0.978941241061961	1	0.995057904584799	1
Cluster_66	26.0057796729912	0.611374103861805	1	1	1	1
Cluster_67	47.2103418287124	0.155753076509248	1.23563054731091e-170	1.64338862792351e-168	8.05814232566102e-200	1.07173292931292e-197
Cluster_68	29.7364083987406	0.503487581813981	0.610969893763181	1	0.495649281380335	1
Cluster_69	27.2546823324963	0.564498339688445	0.999999906799821	1	0.999999999884366	1
Cluster_7	30.2989872287193	0.471403684222065	0.0104163697574057	1	0.0844364466230089	1
Cluster_70	23.1063388838628	0.699400972407966	1	1	1	1
Cluster_71	27.6306203391494	0.550936739515752	0.999980761216896	1	0.999999900672028	1
Cluster_72	29.0253376622967	0.513966348545688	0.870484836913646	1	0.956610059561659	1
Cluster_73	28.4740081457612	0.52584487006734	0.981630149265304	1	0.999021194676649	1
Cluster_74	28.2662444845789	0.537765552877845	0.998863431316225	1	0.999857827050082	1
Cluster_75	24.8385004523296	0.642602970515767	1	1	1	1
Cluster_76	29.109153591299	0.516978351021399	0.91498384415265	1	0.931771198945125	1
Cluster_77	29.9329538771986	0.492851975087738	0.281745041608328	1	0.318559933218987	1
Cluster_78	28.7471075138011	0.534551176215636	0.997382792224843	1	0.988336601981728	1
Cluster_79	28.3969593201138	0.537178667737001	0.998670270177975	1	0.99926124576944	1
Cluster_8	27.5172458212628	0.558174989586162	0.999998708037529	1	0.999999970237251	1
Cluster_80	27.3625177583577	0.560362317251893	0.99999946460331	1	0.99999999779494	1
Cluster_81	27.2824440487449	0.564723480970924	0.999999915522989	1	0.999999999693349	1
Cluster_82	27.3940050661745	0.568821558247507	0.99999998664909	1	0.99999999066926	1
Cluster_83	24.5804417117119	0.654549793325362	1	1	1	1
Cluster_84	28.2757816010104	0.53440614138198	0.997286414884541	1	0.999863544723694	1
Cluster_85	40.1050220504387	0.240899485800921	1.1787458757335e-97	1.55594455596822e-95	9.3766815010589e-103	1.23772195813977e-100
Cluster_86	27.9491644050954	0.541746421771415	0.999629206167581	1	0.9999952870349	1
Cluster_87	29.1263810009876	0.516442902652957	0.908047623170656	1	0.921427765750311	1
Cluster_88	23.7462687079894	0.680918306600265	1	1	1	1
Cluster_89	29.3111064822056	0.504901671442135	0.653994331620057	1	0.84237458584878	1
Cluster_9	23.2139522804868	0.704587654162753	1	1	1	1
Cluster_90	28.8208874285458	0.522354758576028	0.964587091447631	1	0.985681503567964	1
Cluster_91	27.5964370616287	0.554157018758401	0.999993975023924	1	0.999999948562981	1
Cluster_92	27.606821079235	0.556853654793486	0.999997832201876	1	0.999999932470452	1
Cluster_93	24.1157803847011	0.665869256156813	1	1	1	1
Cluster_94	29.7911596837377	0.497263732353393	0.412495375282642	1	0.444565373400166	1
Cluster_95	24.3118195914662	0.660633667306956	1	1	1	1
Cluster_96	27.2820342671241	0.571125251070475	0.999999995483786	1	0.999999996846244	1
Cluster_97	28.3136549130002	0.53525358328794	0.997807204413845	1	0.999750216418295	1
Cluster_98	25.6815968269085	0.612204681252224	1	1	1	1
Cluster_99	29.2206244113127	0.51720602198121	0.917811321152119	1	0.884035392568787	1
