Family	Mean	P_value_F	P_value_W	P_adjust_W	P_value_T	P_adjust_T
All_BS	59.7993239198426	0.0320493253350558	0	0	0	0
All_PM	29.1109249404246	0.499541285177271	0.500013592969285	1	0.5	1
Cluster_1	57.6362817505674	0.0374080251483656	3.52579540977167e-306	4.47776017041002e-304	0	0
Cluster_10	54.5323071060615	0.0503675621162269	2.11565949900045e-289	2.55994799379054e-287	0	0
Cluster_100	24.5298740694424	0.633744883727598	1	1	1	1
Cluster_101	53.8919975258269	0.0469423790097494	8.65524383745318e-294	1.06459499200674e-291	0	0
Cluster_102	25.5048590696544	0.582004550046293	0.999999999982891	1	1	1
Cluster_103	27.5227750040599	0.521919654075057	0.961755372831773	1	0.999908372796807	1
Cluster_104	25.2700551698289	0.595964996011542	0.999999999999996	1	1	1
Cluster_105	27.9633204222401	0.516279316852204	0.90584713796733	1	0.995473008592192	1
Cluster_106	27.2260093172572	0.537966240612789	0.998923344331907	1	0.999991598126463	1
Cluster_107	27.264178685937	0.552896396221674	0.999990434779965	1	0.999968302417049	1
Cluster_108	51.0338313775017	0.0733193245424235	7.44985059648612e-261	8.41833117402932e-259	0	0
Cluster_109	25.7322848304253	0.590226001372772	0.999999999999847	1	0.999999999999995	1
Cluster_11	48.9781257509273	0.0808948649236628	9.26125082764873e-252	1.01873759104136e-249	0	0
Cluster_110	28.8227903004169	0.480631947126371	0.0587653173319049	1	0.750337408166071	1
Cluster_111	27.735339279219	0.521123648941499	0.956098351448462	1	0.999156497752679	1
Cluster_112	26.5864246331156	0.543414322358469	0.999774691697745	1	0.999999999730794	1
Cluster_113	26.7113534415748	0.536018389067746	0.998197560516469	1	0.999999998163436	1
Cluster_114	27.1151130568626	0.548346349928579	0.999953293737944	1	0.999996111815252	1
Cluster_115	25.7718793124513	0.587913876292033	0.999999999999397	1	0.999999999999992	1
Cluster_116	28.0394544572813	0.520185981877392	0.948588977368134	1	0.991677135800036	1
Cluster_117	46.667424907346	0.090637495551984	2.65297226750795e-240	2.86521004890859e-238	6.4092500365532e-289	6.85789753911192e-287
Cluster_118	26.3652241351766	0.565818831255344	0.999999947867043	1	0.99999999987472	1
Cluster_119	47.9710446584274	0.0892411136651483	6.28260879550539e-242	6.84804358710088e-240	8.52101670278894e-303	9.28790820603994e-301
Cluster_12	26.7342854341726	0.541970719828117	0.99965288816069	1	0.999999994733212	1
Cluster_120	32.7154814351879	0.360461311958122	8.54489976473065e-30	7.69040978825758e-28	7.00522332295293e-17	6.30470099065764e-15
Cluster_121	62.8180172511294	0.0249358726796535	0	0	0	0
Cluster_122	26.9986746734787	0.542911759795332	0.999737728881741	1	0.999999580058766	1
Cluster_123	33.3682509112765	0.351917748384801	2.63836733278292e-33	2.40091427283246e-31	3.11694290153118e-21	2.83641804039337e-19
Cluster_124	26.2951734289798	0.559644732115603	0.999999282819932	1	0.999999999992213	1
Cluster_125	29.0849283673136	0.502680614745321	0.585752825126505	1	0.521529032079457	1
Cluster_126	29.755701367051	0.479797153607067	0.0512674685796223	1	0.0857092994032996	1
Cluster_127	24.8991007761488	0.603602091874508	1	1	1	1
Cluster_128	25.0258299157257	0.605573553741309	1	1	1	1
Cluster_129	26.6600008786538	0.555625074836288	0.999996526772183	1	0.999999994845785	1
Cluster_13	26.9854441829968	0.555136847111361	0.999995822251386	1	0.999998939029693	1
Cluster_130	28.1305865445235	0.496907891075467	0.401337062526047	1	0.990064679351707	1
Cluster_131	50.0572911796636	0.0723226316739212	4.60786622046255e-262	5.25296749132731e-260	0	0
Cluster_132	34.6448438551946	0.316501422521886	4.73022577100142e-50	4.44641222474133e-48	4.23630327690846e-34	3.98212508029395e-32
Cluster_133	26.0408586940929	0.584817551238614	0.999999999996422	1	0.999999999996444	1
Cluster_134	28.2665381301046	0.512637424721019	0.846441332676071	1	0.969564589010162	1
Cluster_14	58.984361205008	0.0341084826826722	0	0	0	0
Cluster_15	35.2336889449781	0.290277944080639	9.85109823207765e-65	9.55556528511532e-63	2.32909506898162e-44	2.23593126622236e-42
Cluster_16	30.5573381979696	0.42328416202752	2.82736135288025e-10	2.43153076347702e-08	0.000346044017729623	0.0304518735602068
Cluster_17	46.5227657928726	0.0962306121313206	7.57787579820919e-234	8.03254834610174e-232	5.1474118859647e-277	5.45625659912258e-275
Cluster_18	25.9038952017915	0.56609962543911	0.999999953991007	1	0.999999999999999	1
Cluster_19	51.9946327325601	0.0587787392425471	9.12691114236097e-279	1.07697551479859e-276	0	0
Cluster_2	45.4198514285725	0.12054502741327	8.20342600636096e-207	8.5315630466154e-205	9.03219895941679e-229	9.39348691779346e-227
Cluster_20	50.712159966187	0.0742696399931867	1.05180073101866e-259	1.1780168187409e-257	0	0
Cluster_21	50.6273055547135	0.0657657080313882	4.3854109197022e-270	5.13093077605157e-268	0	0
Cluster_22	38.7267312080834	0.208201719843295	2.97787332382834e-123	3.00765205706662e-121	1.74655440565389e-104	1.76401994971043e-102
Cluster_23	47.3770834911237	0.0910262226352155	7.50385883046595e-240	8.02912894859857e-238	4.98919726578765e-301	5.38833304705066e-299
Cluster_24	59.1764227623796	0.0285027177166795	0	0	0	0
Cluster_25	61.4127073896069	0.0250277842893546	0	0	0	0
Cluster_26	59.6946448882244	0.0278804170931984	0	0	0	0
Cluster_27	26.8398385330257	0.538633232202455	0.99910226874392	1	0.99999996333585	1
Cluster_28	27.947402956273	0.524107824966566	0.97430843698003	1	0.994583254949442	1
Cluster_29	32.6648183233213	0.366565423358366	2.06015732608732e-27	1.83354002021771e-25	5.00081473389088e-16	4.45072511316288e-14
Cluster_3	29.8510220303468	0.457882558886672	0.000332389500726069	0.0279207180609898	0.0493245903370759	1
Cluster_30	53.5509263489491	0.0474213312511278	3.57180491934183e-293	4.35760200159703e-291	0	0
Cluster_31	30.5200395570658	0.421262106614094	9.88109766081881e-11	8.59655496491236e-09	0.000410453353964308	0.0357094417948948
Cluster_32	27.0296571959136	0.555150338723795	0.999995843435288	1	0.999998384834482	1
Cluster_33	25.6328772138073	0.586686139560612	0.99999999999877	1	1	1
Cluster_34	34.4534312699016	0.316560448326281	5.07851449467571e-50	4.72301848004841e-48	1.05458249525615e-33	9.8076172058822e-32
Cluster_35	49.4370426443298	0.0685289589028621	1.08973333775919e-266	1.25319333842307e-264	0	0
Cluster_36	54.1068169211398	0.0447499919893551	1.29137919240562e-296	1.62713778243108e-294	0	0
Cluster_37	25.2160237518919	0.596105814716314	0.999999999999996	1	1	1
Cluster_38	26.4621705907237	0.587413843406227	0.999999999999193	1	0.999999988481851	1
Cluster_39	26.8653452865797	0.555330789040089	0.99999611708297	1	0.999999736670258	1
Cluster_4	40.9766055958957	0.171334202418034	9.57887032281555e-156	9.77044772927186e-154	1.02565929647165e-145	1.04617248240108e-143
Cluster_40	25.2975402398069	0.590176251051924	0.999999999999842	1	1	1
Cluster_41	36.8185756096866	0.252711392486184	3.75308179569308e-89	3.71555097773615e-87	1.76326279754464e-67	1.74563016956919e-65
Cluster_42	24.8746759033697	0.610230689708092	1	1	1	1
Cluster_43	24.9014439997706	0.612080727062994	1	1	1	1
Cluster_44	34.9942276196088	0.292802562057201	3.10057952364945e-63	2.97655634270347e-61	1.35416526787989e-42	1.2864570044859e-40
Cluster_45	23.5428869460028	0.655621533288024	1	1	1	1
Cluster_46	24.5134513511313	0.622207025419884	1	1	1	1
Cluster_47	28.2891189273219	0.474565780886095	0.0199173815840173	1	0.980403024524281	1
Cluster_48	23.6023356309106	0.654490767520967	1	1	1	1
Cluster_49	30.1402376854629	0.426431080627562	1.37850355547037e-09	1.17172802214981e-07	0.00657525195075736	0.558896415814376
Cluster_5	35.9598839047883	0.270703300891627	5.85537814962256e-77	5.73827058663011e-75	1.75717503925564e-55	1.72203153847053e-53
Cluster_50	27.7784567430694	0.516695870386079	0.911375097550072	1	0.999079749957644	1
Cluster_51	48.7677604302128	0.0802464243010923	1.56521545334151e-252	1.73738915320908e-250	2.11163657032549e-320	2.32280022735804e-318
Cluster_52	25.5699151396728	0.581665573283909	0.999999999979411	1	1	1
Cluster_53	30.319896449695	0.410068284423428	1.82690887116288e-13	1.60767980662333e-11	0.00126352666698605	0.1086632933608
Cluster_54	25.6598334553801	0.583178320327981	0.99999999999104	1	1	1
Cluster_55	27.1937399829558	0.540608910198141	0.999484259099921	1	0.999993631310901	1
Cluster_56	52.3581130195899	0.057411027032132	1.75660802505644e-280	2.09036354981716e-278	0	0
Cluster_57	29.6587646722211	0.495851329176792	0.368709390193725	1	0.133026940706865	1
Cluster_58	51.4886396641832	0.0573283909059786	1.38307848181167e-280	1.659694178174e-278	0	0
Cluster_59	25.6318023895754	0.585456716377637	0.99999999999751	1	1	1
Cluster_6	33.0659605910398	0.332500788416102	4.76774141788846e-42	4.38632210445738e-40	9.52972401257128e-22	8.76734609156558e-20
Cluster_60	45.3987048272488	0.116429242395368	2.85470398322045e-211	2.99743918238147e-209	3.78227034609049e-234	3.97138386339501e-232
Cluster_61	54.168780064342	0.0467905983698759	5.52149221310695e-294	6.84665034425262e-292	0	0
Cluster_62	63.772454195265	0.020631205087687	0	0	0	0
Cluster_63	26.1627609120728	0.57210676587499	0.999999997183185	1	0.999999999998738	1
Cluster_64	26.1746142322759	0.569730555635194	0.999999991259898	1	0.999999999997534	1
Cluster_65	28.7711292513096	0.497090027843315	0.407038989851084	1	0.772589744059029	1
Cluster_66	24.8438126719793	0.614015086995603	1	1	1	1
Cluster_67	57.8161546417542	0.0360774148721417	6.27513314190766e-308	8.03217042164181e-306	0	0
Cluster_68	28.925152034361	0.4958951769172	0.370046587460221	1	0.656452720565466	1
Cluster_69	25.2005500932043	0.606624213059544	1	1	1	1
Cluster_7	26.1615458537506	0.566992601537032	0.999999969181439	1	0.999999999998102	1
Cluster_70	37.9476736868655	0.226277950826446	9.97701221644356e-109	9.97701221644356e-107	1.19021899094691e-87	1.19021899094691e-85
Cluster_71	26.0147891485486	0.582120071977752	0.99999999998394	1	0.999999999999338	1
Cluster_72	27.52399554618	0.537269736120925	0.998702088077183	1	0.999766649616038	1
Cluster_73	50.2011857826762	0.0662134609190149	1.56188911762094e-269	1.81179137644029e-267	0	0
Cluster_74	28.6475821893783	0.511182017029788	0.81691509145653	1	0.839599221243911	1
Cluster_75	25.999536678026	0.575371736083823	0.999999999439462	1	0.999999999999329	1
Cluster_76	26.1730193019591	0.56753226603436	0.999999975869118	1	0.999999999999162	1
Cluster_77	30.0032983463459	0.4737343602699	0.0168916272699468	1	0.0322414780588105	1
Cluster_78	25.4020035814311	0.600198832638234	1	1	1	1
Cluster_79	24.2510014082203	0.643232860171242	1	1	1	1
Cluster_8	26.5271273765789	0.552446113656716	0.999988744874016	1	0.9999999996964	1
Cluster_80	25.9539372363404	0.580681528802063	0.999999999964905	1	0.999999999999901	1
Cluster_81	26.4852824303063	0.56616286737239	0.999999955270928	1	0.99999999901523	1
Cluster_82	27.9141498140546	0.51870190450974	0.934655240422557	1	0.996500219383123	1
Cluster_83	25.2075265393115	0.610559547761151	1	1	1	1
Cluster_84	26.8312275696323	0.546955027396405	0.99992607569548	1	0.99999994523185	1
Cluster_85	59.8236230285784	0.0299050021839548	0	0	0	0
Cluster_86	25.7491457408833	0.585250126062254	0.9999999999972	1	0.999999999999999	1
Cluster_87	27.737543446782	0.514036336285186	0.871674444268615	1	0.999378842045438	1
Cluster_88	28.6609392678135	0.485879341137107	0.126902397740907	1	0.851254420933644	1
Cluster_89	25.5955172560999	0.601176131313864	1	1	0.999999999999999	1
Cluster_9	43.1920122141086	0.142100407952631	3.02002789135446e-184	3.11062872809509e-182	2.39905608491552e-190	2.47102776746299e-188
Cluster_90	27.2340174446965	0.549479645372967	0.999968151860195	1	0.999982923600661	1
Cluster_91	24.3209282079919	0.630287658041591	1	1	1	1
Cluster_92	25.8088350518212	0.579797828187689	0.999999999943644	1	0.999999999999997	1
Cluster_93	35.539489196657	0.297537274795476	1.78717452816919e-60	1.69781580176073e-58	5.12135546596394e-45	4.96771480198502e-43
Cluster_94	27.4456363423387	0.524277313347758	0.975116620976077	1	0.999957939203369	1
Cluster_95	54.4171829001149	0.0467315725654807	4.63573749942746e-294	5.79467187428433e-292	0	0
Cluster_96	25.6025331175614	0.594646190896197	0.99999999999999	1	1	1
Cluster_97	28.0287338492193	0.53962908184518	0.999319062254381	1	0.987417060398383	1
Cluster_98	26.2328765234357	0.565620673197731	0.999999943078005	1	0.999999999996614	1
Cluster_99	29.0606561896325	0.499112926482517	0.471424879537522	1	0.542387458275706	1
