Family	Mean	P_value_F	P_value_W	P_adjust_W	P_value_T	P_adjust_T
All_BS	75.1986068869685	0.00337458955985301	0	0	0	0
All_PM	27.2081828019325	0.499541285177271	0.500013592969285	1	0.5	1
Cluster_1	27.512512006416	0.459816918819282	0.000582358070989228	0.0483357198921059	0.226459657316826	1
Cluster_10	25.8207298513651	0.517711114221677	0.923830453562568	1	0.999721986403464	1
Cluster_100	28.1622805140762	0.469288873973162	0.00653401749289897	0.457381224502928	0.0185745170526266	1
Cluster_101	49.9931911711376	0.0690939201735021	5.35605300291218e-266	6.96286890378583e-264	0	0
Cluster_102	26.9105963242399	0.481930514823066	0.0721066163077198	1	0.764867538807488	1
Cluster_103	28.3903857497764	0.457269533746739	0.000276938817686415	0.0240936771387181	0.00403854427273383	0.375584617364246
Cluster_104	25.4058497866019	0.535835409074121	0.9981104011399	1	0.999991933842102	1
Cluster_105	28.0137544950417	0.466962414054213	0.00379344443600117	0.276921443828085	0.0353277955315618	1
Cluster_106	29.2413710914945	0.420798332436703	7.73547021842406e-11	8.35430783589798e-09	1.29284172506338e-06	0.000131869855956465
Cluster_107	26.308995524952	0.514868600127158	0.885240952329216	1	0.981493819673701	1
Cluster_108	25.5500779158439	0.516729599417162	0.911811896380573	1	0.999990130503023	1
Cluster_109	29.3663416153645	0.429158072790622	5.16962726573001e-09	5.37641235635921e-07	9.5914493077584e-07	9.87919278699115e-05
Cluster_11	27.4184413435498	0.466479245683949	0.0033746321792664	0.25309741344498	0.305274833079299	1
Cluster_110	27.1113667652799	0.476647705329693	0.0295661635899222	1	0.592806733873901	1
Cluster_111	27.3896019453348	0.478785282674577	0.0432220856808337	1	0.336948384935292	1
Cluster_112	27.6867022584173	0.458861544013856	0.0004427414509635	0.0376330233318975	0.124949049593428	1
Cluster_113	27.103647976756	0.478994402667292	0.0447953610785812	1	0.598834897296054	1
Cluster_114	29.3628306787377	0.419215597653134	3.32012712240565e-11	3.61893856342216e-09	3.70451539534035e-07	3.88974116510737e-05
Cluster_115	26.6996464719882	0.498095996195365	0.438855545082958	1	0.886602627475924	1
Cluster_116	29.693485058065	0.431226505621786	1.36513694073317e-08	1.39243967954783e-06	6.12574838865708e-08	6.67706574363622e-06
Cluster_117	25.7615663873252	0.525521071368943	0.98041883688066	1	0.999742863985232	1
Cluster_118	29.6413578045671	0.430567946289891	1.00505333658423e-08	1.03520493668176e-06	9.62703259526726e-08	1.0300924876936e-05
Cluster_119	24.5915339010594	0.553763232320507	0.999993031722717	1	0.999999999987255	1
Cluster_12	26.2707818254129	0.516040683957292	0.902567839579126	1	0.984952218547961	1
Cluster_120	25.444891770946	0.541265783078482	0.999573320492716	1	0.999986153575112	1
Cluster_121	30.6591785522595	0.352556070298047	4.90585531667656e-33	5.88702638001187e-31	1.34238430520043e-18	1.59743732318851e-16
Cluster_122	30.3480375039054	0.400667160234822	4.97185795436403e-16	5.71763664751863e-14	1.8011345364585e-12	2.05329337156269e-10
Cluster_123	24.6330841173863	0.560433148217168	0.999999479922527	1	0.999999999811914	1
Cluster_124	27.2283876068051	0.484896983106815	0.111129082356972	1	0.481305407381098	1
Cluster_125	27.7127673208645	0.464351787048389	0.00198271408723473	0.152668984717074	0.119175136012049	1
Cluster_126	31.5212096169868	0.389256629019446	1.782410083851e-19	2.12106799978269e-17	1.01553931369033e-18	1.2186471764284e-16
Cluster_127	25.3077344118015	0.537594378045099	0.998809931844775	1	0.999998241453072	1
Cluster_128	28.3289504117932	0.458033496300769	0.00034754371877297	0.0298887598144754	0.00608835646052069	0.554040437907383
Cluster_129	28.3518496699205	0.454475083521513	0.000117037719379703	0.010650432463553	0.0048702724939648	0.448065069444762
Cluster_13	26.8134704231311	0.493988643435234	0.313552412057813	1	0.8255836603291	1
Cluster_130	27.2294354380505	0.481207870332113	0.0644215401038741	1	0.480222976897019	1
Cluster_131	24.0726908949788	0.567203407981301	0.999999971983866	1	1	1
Cluster_132	24.571126184981	0.562881875873793	0.99999981304149	1	0.999999999952202	1
Cluster_133	27.3366886414407	0.471541973249505	0.0107290312562131	0.729574125422491	0.379116279197856	1
Cluster_134	28.7519389496378	0.438671346007579	3.59323496498578e-07	3.48543791603621e-05	0.000172995010437127	0.0167805160124013
Cluster_14	25.5301364662222	0.516461453620053	0.908294738196602	1	0.999992479312823	1
Cluster_15	25.0893485076099	0.544266823619091	0.999826491617227	1	0.999999834739357	1
Cluster_16	26.794182747741	0.503685739871594	0.617095710491468	1	0.827112489805394	1
Cluster_17	25.9444424080719	0.519608372220095	0.943476414552464	1	0.998816518465838	1
Cluster_18	23.7806443038244	0.584338598997236	0.999999999995313	1	1	1
Cluster_19	46.3091562336879	0.0981455778710573	1.17357689548531e-231	1.5021784262212e-229	3.51609810436217e-301	4.50060557358358e-299
Cluster_2	25.4308110488484	0.520289698647972	0.94946679148759	1	0.999997498040254	1
Cluster_20	68.9003039397846	0.0118220253945875	0	0	0	0
Cluster_21	33.102964605464	0.296390487738654	3.88428267667164e-61	4.69998203877268e-59	5.64558046956137e-46	6.83115236816926e-44
Cluster_22	24.772678772043	0.544629410703233	0.999844948951832	1	0.999999999756656	1
Cluster_23	24.1654642593571	0.573955960004115	0.999999998861675	1	0.999999999999977	1
Cluster_24	54.9477322421179	0.046656525471321	3.71154992618615e-294	4.89924590256572e-292	0	0
Cluster_25	29.6375333132085	0.396626422311079	3.29660305189583e-17	3.82405954019916e-15	2.51732519446436e-09	2.79423096585544e-07
Cluster_26	40.962093416182	0.164463598786429	3.16577714648044e-162	4.02053697603016e-160	2.35441778101114e-172	2.99011058188415e-170
Cluster_27	28.0810222493013	0.45534950865234	0.000154036624881378	0.0135552229895613	0.0204525883591817	1
Cluster_28	29.9442559706493	0.423181288482716	2.68180026497113e-10	2.8427082808694e-08	3.29372088035373e-09	3.6230929683891e-07
Cluster_29	26.9478858848108	0.498300900059194	0.445392007138627	1	0.72469148044542	1
Cluster_3	28.9994816794954	0.435653440951428	9.95657357889704e-08	9.85700784310807e-06	2.91145469093088e-05	0.00285322559711226
Cluster_30	35.9341534028438	0.243462892163228	8.91800984149538e-96	1.10583322034543e-93	1.57148790115053e-86	1.94864499742666e-84
Cluster_31	26.1821509163827	0.521294823774245	0.957368631621474	1	0.991376867734369	1
Cluster_32	27.9217917935619	0.465238017340095	0.0024826338112968	0.188680169658557	0.0511804440964215	1
Cluster_33	26.9003746774521	0.492164746079422	0.263300369485237	1	0.765525369285339	1
Cluster_34	25.6244222067219	0.519416959968699	0.941696461875683	1	0.999968562175676	1
Cluster_35	36.1960595326093	0.230133179079231	9.48814170849057e-106	1.19550585526981e-103	4.29528798661097e-94	5.41206286312982e-92
Cluster_36	47.8104909928177	0.0841522461005024	6.71725938898752e-248	8.6652646117939e-246	0	0
Cluster_37	27.5993927989173	0.476042269221753	0.0264255030207034	1	0.182148958562423	1
Cluster_38	27.9887744837076	0.482444039321304	0.077981680024422	1	0.0478281074029725	1
Cluster_39	24.7691042890896	0.55463006841934	0.999994947432949	1	0.999999998469904	1
Cluster_4	22.9407301728162	0.612072294805223	1	1	1	1
Cluster_40	27.2365294740522	0.48030646197642	0.0557455165431734	1	0.473495832624919	1
Cluster_41	27.0070218469087	0.480340191007503	0.0560526457778349	1	0.686619798743198	1
Cluster_42	27.3076604674516	0.480443064552306	0.0569976374897247	1	0.40835500171115	1
Cluster_43	28.7094302181403	0.451343342985458	4.20908754354868e-05	0.00391445141550027	0.000448899019094799	0.0430943058331007
Cluster_44	25.5582746722238	0.51597491234668	0.901649447393369	1	0.999988849710423	1
Cluster_45	25.5734163359134	0.525664419751046	0.980963216542261	1	0.999966625046002	1
Cluster_46	26.0682906802893	0.523348078541422	0.970410923933864	1	0.995646665645604	1
Cluster_47	25.1117099250641	0.538884513484023	0.999162268291614	1	0.999999929642947	1
Cluster_48	25.6724870430499	0.524580031401728	0.976507054144934	1	0.999913119984511	1
Cluster_49	27.36268733065	0.479433723297148	0.0482506674681028	1	0.360294190203457	1
Cluster_5	25.4690569329682	0.531670716961149	0.994758236444826	1	0.999989413235915	1
Cluster_50	29.0998273093952	0.439539025332189	5.14175383663595e-07	4.93608368317051e-05	1.85066291364049e-05	0.00185066291364049
Cluster_51	25.9991482057025	0.509006494524935	0.766649425890367	1	0.998620696116303	1
Cluster_52	23.8274992357879	0.577541356008237	0.999999999815349	1	1	1
Cluster_53	26.4802303559982	0.513420781467921	0.860949719601325	1	0.952358329133865	1
Cluster_54	26.6507056130308	0.504145297920099	0.631187804656983	1	0.902087990651373	1
Cluster_55	29.4982157894828	0.419171749912726	3.2424940963665e-11	3.56674350600315e-09	9.32105033083091e-08	1.00667343572974e-05
Cluster_56	69.0814605570774	0.00984634739890144	0	0	0	0
Cluster_57	29.345817948237	0.417420369973742	1.24762279592376e-11	1.38486130347537e-09	3.45546670246331e-07	3.66279470461111e-05
Cluster_58	25.8636132114962	0.52225019857967	0.963922798502648	1	0.999370104831795	1
Cluster_59	27.9205142732183	0.467674096610064	0.00449535070878998	0.323665251032879	0.0520101123017258	1
Cluster_6	26.1854143318594	0.522039392135402	0.962552465404862	1	0.990161488716433	1
Cluster_60	27.4738278896643	0.462360930988716	0.00117588228706732	0.0940705829653856	0.256080834762499	1
Cluster_61	34.6297863931955	0.261087154129867	2.3151928631591e-83	2.84768722168569e-81	2.17005553509457e-68	2.66916830816632e-66
Cluster_62	28.1979397746714	0.433141471361523	3.27402278258111e-08	3.30676301040692e-06	0.00635790264281288	0.572211237853159
Cluster_63	29.1906976362342	0.43693851703569	1.73183977256975e-07	1.69720297711835e-05	7.07894477069849e-06	0.000714973421840547
Cluster_64	25.857202434245	0.523933277230712	0.973453278260666	1	0.999449309610267	1
Cluster_65	29.0506387290573	0.434425704220008	5.81028426493089e-08	5.81028426493089e-06	1.97371570335686e-05	0.00195397854632329
Cluster_66	27.0116702351628	0.493731459573227	0.306221233582621	1	0.676382282303795	1
Cluster_67	61.4457264809123	0.0231684714509049	0	0	0	0
Cluster_68	30.166709960548	0.426210998699746	1.23646579335901e-09	1.29828908302696e-07	5.3777440872726e-10	6.07685081861804e-08
Cluster_69	26.3532395938631	0.518168142592852	0.928982191769196	1	0.974560261353278	1
Cluster_7	28.0934614485331	0.461073325227123	0.000828033812854135	0.0670707388411849	0.021274129258591	1
Cluster_70	25.9978594821131	0.509242597742516	0.77244937762424	1	0.998595424391069	1
Cluster_71	28.6818086460614	0.454787920284808	0.000129193921967646	0.0116274529770881	0.000664137807808517	0.0630930917418091
Cluster_72	25.9916434493404	0.507553616511035	0.729215836255245	1	0.998749401108902	1
Cluster_73	36.6574868542065	0.240095048409592	3.00590039635776e-98	3.7573754954472e-96	5.75149124946812e-92	7.18936406183515e-90
Cluster_74	31.486298271282	0.403089747892357	2.40522670105631e-15	2.74195843920419e-13	2.17991471945406e-17	2.57229936895579e-15
Cluster_75	27.6391747009132	0.471332853256791	0.010259323784863	0.707893341155547	0.159252189295986	1
Cluster_76	30.8734361588161	0.391707886353403	1.05181467621167e-18	1.24114131792977e-16	1.10658610161651e-15	1.29470573889132e-13
Cluster_77	28.0928137419656	0.459268822064183	0.000497959472042813	0.0418285956515963	0.0209416053075681	1
Cluster_78	29.3283287619329	0.421226691131457	9.69856268883341e-11	1.03774620770517e-08	6.43237422251984e-07	6.68966919142063e-05
Cluster_79	26.623576181241	0.495175062103578	0.348295704415796	1	0.918888295443798	1
Cluster_8	25.5718851188347	0.537750374813858	0.99885877810412	1	0.999928468244752	1
Cluster_80	26.4786574922549	0.515010262057707	0.887444554847196	1	0.952523087158671	1
Cluster_81	25.9003398203597	0.523633088854073	0.971926986941763	1	0.99904552685092	1
Cluster_82	29.9215750314697	0.414388973305158	2.28019852175736e-12	2.55382234436824e-10	1.08899580083073e-09	1.21967529693042e-07
Cluster_83	28.2230944130795	0.452184882310978	5.5735292864028e-05	0.00512764694349058	0.00909125116851011	0.80003010282889
Cluster_84	27.8013421576718	0.463921741902081	0.00177472593487079	0.138428622919922	0.0841075189202396	1
Cluster_85	51.6984031219356	0.0519283730295922	2.06085388294851e-287	2.69971858666255e-285	0	0
Cluster_86	30.9037658727175	0.395111145589676	1.15975935886422e-17	1.35691844987114e-15	1.62922714346228e-15	1.88990348641624e-13
Cluster_87	25.8879204732787	0.519407684485152	0.941609102775458	1	0.999351277698333	1
Cluster_88	27.4178007517072	0.490172203568194	0.213530710223158	1	0.32181597523184	1
Cluster_89	28.4095674516559	0.443838633569493	2.83060376736365e-06	0.000268907357899547	0.00243388342388034	0.228785041844752
Cluster_9	27.257656685021	0.463358467082995	0.00153234505635211	0.121055259451817	0.450866180506028	1
Cluster_90	27.9232208634577	0.469075537851562	0.00622457159309562	0.441944583109789	0.0540138805107424	1
Cluster_91	28.1103627899456	0.455068714468574	0.000141103836499959	0.0125582414484964	0.0175174274214772	1
Cluster_92	28.153755572887	0.460031098166658	0.000618790943194489	0.0507408573419481	0.0157097750864782	1
Cluster_93	24.4027171956366	0.568228770526223	0.999999982450221	1	0.999999999997433	1
Cluster_94	30.5662986079919	0.405737476832372	1.29022259821384e-14	1.45795153598164e-12	6.04690576608713e-13	6.9539416310002e-11
Cluster_95	33.5203688885627	0.276427960692187	2.85206371554681e-73	3.47951773296711e-71	1.98691903534951e-55	2.4240412231264e-53
Cluster_96	27.2464262795858	0.481182573558801	0.0641645211273903	1	0.46431278225392	1
Cluster_97	27.5939261565838	0.466539114714121	0.00342416718115893	0.253388371405761	0.179090273544174	1
Cluster_98	26.8195917990315	0.48653284111434	0.138221608605986	1	0.827540020184733	1
Cluster_99	28.2536402174473	0.447781557303094	1.22142110801424e-05	0.00114813584153339	0.00726719498969755	0.646780354083082
