Family	Mean	P_value_F	P_value_W	P_adjust_W	P_value_T	P_adjust_T
All_BS	72.658436227989	0.00268230119687467	0	0	0	0
All_PM	33.6733297781764	0.499541285177271	0.500013592969285	1	0.5	1
Cluster_1	36.6098257016411	0.393970261113294	5.23029414134813e-18	6.01483826255035e-16	2.00714289397782e-14	2.30821432807449e-12
Cluster_10	35.316702613599	0.450030440450552	2.69229760982034e-05	0.00293460439470417	3.54184939855085e-05	0.00386061584442043
Cluster_100	30.740602857601	0.582835127436712	0.999999999989164	1	0.999999999999918	1
Cluster_101	61.1465174993423	0.0204768947704824	0	0	0	0
Cluster_102	30.5028164038306	0.591608891647174	0.999999999999934	1	0.999999999999999	1
Cluster_103	29.5874090808124	0.626198856248556	1	1	1	1
Cluster_104	33.9251651138354	0.500088538706593	0.502854498290587	1	0.281390849859737	1
Cluster_105	32.3843500179185	0.538997505738151	0.999188026398738	1	0.998825798680456	1
Cluster_106	33.5947837941111	0.500230200637141	0.507421330802379	1	0.575844517803151	1
Cluster_107	32.4786733256057	0.544529910061539	0.999840075875682	1	0.997131926911325	1
Cluster_108	31.5117944568829	0.565184725470984	0.999999930996874	1	0.999999933784323	1
Cluster_109	30.5433965107722	0.606033955015591	1	1	0.999999999999864	1
Cluster_11	38.1129446864618	0.346305237612592	1.00776922597003e-35	1.18916768664464e-33	1.11991340619679e-31	1.32149781931221e-29
Cluster_110	31.0264512795557	0.58617936086859	0.999999999998353	1	0.999999999865463	1
Cluster_111	33.4053105635977	0.513408976307042	0.860738246090595	1	0.735684966838661	1
Cluster_112	32.2915939541836	0.536101868419677	0.998236096349085	1	0.999544072584563	1
Cluster_113	31.0894679312118	0.575528576078359	0.999999999482178	1	0.999999999929546	1
Cluster_114	35.0996342295924	0.467191771465577	0.00400810291272382	0.416842702923277	0.000617221963045558	0.0660427500458747
Cluster_115	29.3738836245107	0.626163440765919	1	1	1	1
Cluster_116	35.0244260077522	0.472662620307238	0.013578226178096	1	0.00133016057304233	0.138336699596402
Cluster_117	31.8250972166159	0.556261710297979	0.999997276253205	1	0.999995814499118	1
Cluster_118	34.3340930191953	0.491667242870948	0.250343531988465	1	0.0677720624275378	1
Cluster_119	34.8416245973667	0.460586783953751	0.000723353941620258	0.0766755178117473	0.00218955955831668	0.225524634506618
Cluster_12	30.2128520758251	0.615093572764482	1	1	1	1
Cluster_120	31.4264999517428	0.560966066908279	0.999999582391136	1	0.99999999637331	1
Cluster_121	37.8133108112429	0.360311217769803	7.44406479678293e-30	8.70955581223603e-28	3.01797904456725e-26	3.53103548214368e-24
Cluster_122	34.2801777458456	0.48984756164402	0.20597523780659	1	0.0853742096145039	1
Cluster_123	32.6567275176992	0.525151738478585	0.978955024658683	1	0.994132161342426	1
Cluster_124	30.7491712373831	0.589373500112149	0.999999999999745	1	0.999999999999581	1
Cluster_125	30.4418487449304	0.59870969591592	0.999999999999999	1	0.999999999999998	1
Cluster_126	35.1491012775227	0.477998553024567	0.0376986525101401	1	0.000745288299103444	0.0782552714058616
Cluster_127	31.6992349469407	0.563166042960667	0.999999834378254	1	0.999998207821334	1
Cluster_128	31.5591181313247	0.569610817574849	0.999999990755496	1	0.999999654700235	1
Cluster_129	34.8696505400129	0.475228556346876	0.0226479442028509	1	0.00326680692588292	0.329947499514175
Cluster_13	35.0036393254537	0.457433962773268	0.000290899386998698	0.0311262344088607	0.000705229349999761	0.0747543110999747
Cluster_130	30.8642818501103	0.593368703843929	0.999999999999977	1	0.999999999985685	1
Cluster_131	31.8192146648736	0.550200603412366	0.999975140678682	1	0.999998794902477	1
Cluster_132	32.3136553674712	0.535523415536604	0.997952914585632	1	0.999629764375841	1
Cluster_133	30.4031328330091	0.602334723531564	1	1	0.999999999999999	1
Cluster_134	35.6541229651194	0.449951177227507	2.61973689924525e-05	0.00288171058916978	4.36257258210226e-06	0.000479882984031249
Cluster_14	37.667029516842	0.372876125073993	4.64001295668061e-25	5.38241502974951e-23	1.38181935111725e-22	1.60291044729601e-20
Cluster_15	32.7230040964105	0.524758795266468	0.977297020290208	1	0.990041718308162	1
Cluster_16	28.5272234317796	0.654023620440467	1	1	1	1
Cluster_17	33.2419765399445	0.503215219887986	0.602505231649299	1	0.866737997478715	1
Cluster_18	33.1620979387719	0.515498489782633	0.894807133898642	1	0.893751242781415	1
Cluster_19	56.5133722238711	0.0397007560362317	3.54994234539981e-303	4.61492504901975e-301	0	0
Cluster_2	30.9301199285846	0.57439275095664	0.999999999083907	1	0.999999999999418	1
Cluster_20	69.0039728044167	0.00670954750818351	0	0	0	0
Cluster_21	45.6488929296445	0.166087651633075	1.10781683065118e-160	1.35153653339444e-158	1.06547555457625e-181	1.29988017658302e-179
Cluster_22	29.8146224563415	0.616415750782935	1	1	1	1
Cluster_23	33.3704050016721	0.496715635598294	0.395341095216784	1	0.786987462949844	1
Cluster_24	63.2626635560947	0.0169783510213994	0	0	0	0
Cluster_25	38.7486670461089	0.328353804044448	4.7120913395189e-44	5.65450960742268e-42	1.11759024153777e-39	1.34110828984532e-37
Cluster_26	52.8618386919523	0.0613337133470835	1.41600114346831e-275	1.79832145220475e-273	0	0
Cluster_27	31.2970022456221	0.582733940343463	0.999999999988541	1	0.999999984279396	1
Cluster_28	31.542110767615	0.565027885476448	0.999999926071249	1	0.99999992033309	1
Cluster_29	30.9099213705092	0.582255831327861	0.999999999985092	1	0.999999999993335	1
Cluster_3	33.0634227962281	0.523746924333978	0.972514164973454	1	0.922939894250995	1
Cluster_30	47.9284407175685	0.147908547105122	2.16437769380378e-178	2.68382834031669e-176	4.57387990086447e-210	5.67161107707194e-208
Cluster_31	32.0068497534104	0.56250495395144	0.999999780613837	1	0.999948527352361	1
Cluster_32	30.6679610756062	0.593781884474696	0.999999999999983	1	0.999999999999838	1
Cluster_33	30.8041593197073	0.588860818839688	0.999999999999655	1	0.999999999998896	1
Cluster_34	30.8789926650219	0.5870065653559	0.999999999998978	1	0.999999999968468	1
Cluster_35	52.9458483420215	0.0721598890989458	2.92335381832436e-262	3.68342581108869e-260	0	0
Cluster_36	56.5015427897517	0.0544605800381475	3.35428250727822e-284	4.29348160931612e-282	0	0
Cluster_37	32.3049222478617	0.539397194756485	0.999273402865092	1	0.999603408117949	1
Cluster_38	33.3753623556582	0.509632168051524	0.781839442584149	1	0.762249301725577	1
Cluster_39	32.4265998586823	0.539458750238211	0.999285790846352	1	0.998335620394471	1
Cluster_4	31.6899571234355	0.546783009337882	0.999921822912376	1	0.999999795312585	1
Cluster_40	32.524671479197	0.531861285986768	0.994985960945746	1	0.998024698770578	1
Cluster_41	30.3588436020119	0.602252930631188	1	1	0.999999999999999	1
Cluster_42	34.8785327158743	0.479971701342921	0.0527687732120944	1	0.0045310592935674	0.448574870063173
Cluster_43	34.810689752109	0.481758496764543	0.0702164005661589	1	0.00547183778805138	0.536240103229035
Cluster_44	28.662039736345	0.649645592205895	1	1	1	1
Cluster_45	32.294889809472	0.540118152795884	0.999406812312364	1	0.999629098651623	1
Cluster_46	33.098452611393	0.526081816510698	0.982475578253012	1	0.906150371859143	1
Cluster_47	29.7933874788262	0.610111794873525	1	1	1	1
Cluster_48	31.0534096205503	0.576339759275905	0.999999999657194	1	0.999999999967613	1
Cluster_49	31.965033258609	0.547611900276747	0.99994039387422	1	0.99998959287818	1
Cluster_5	32.3248729979247	0.536854869038605	0.998551280357034	1	0.999642685908732	1
Cluster_50	32.7082801286129	0.542904170763339	0.99973712969254	1	0.986029128678131	1
Cluster_51	33.6306219895204	0.486150016611548	0.131509933475853	1	0.544456396119008	1
Cluster_52	29.0707285120917	0.642444444069677	1	1	1	1
Cluster_53	29.6423774337185	0.621531601572447	1	1	1	1
Cluster_54	33.1031362909744	0.520293914776857	0.949502220855384	1	0.914639075420004	1
Cluster_55	35.2897113283923	0.456444015710983	0.000215803581204881	0.0233067867701271	8.92021660722008e-05	0.00963383393579769
Cluster_56	72.5868510157806	0.0018373889682458	0	0	0	0
Cluster_57	34.774837362081	0.492104877049249	0.261723225700982	1	0.00948934653513197	0.901487920837537
Cluster_58	38.993115448922	0.334817129625726	5.98633370272573e-41	7.12373710624362e-39	1.56753557139639e-37	1.8653673299617e-35
Cluster_59	32.8753676067822	0.529133450597931	0.990723943825941	1	0.967204572708154	1
Cluster_6	30.5094924376516	0.598579839146251	0.999999999999999	1	0.999999999999985	1
Cluster_60	35.5365872801523	0.429793021800759	6.9850679220886e-09	7.82327607273923e-07	5.7364543531177e-07	6.36746433196065e-05
Cluster_61	45.3379717453088	0.157871259661259	1.4335971854566e-168	1.76332453811162e-166	4.67314217411657e-189	5.74796487416338e-187
Cluster_62	36.4395603293432	0.410269815384148	2.06066021759752e-13	2.34915264806117e-11	1.76245841456834e-11	2.00920259260791e-09
Cluster_63	31.700863876344	0.572525849086196	0.999999997701682	1	0.999997046141634	1
Cluster_64	31.6237562151082	0.567009466052573	0.999999969415278	1	0.999998582557278	1
Cluster_65	32.5816278887833	0.532479370481364	0.995665132286729	1	0.996170513494776	1
Cluster_66	31.8786989173034	0.558559500540508	0.999998890964532	1	0.999983382203361	1
Cluster_67	63.4670038977247	0.0192010941697683	0	0	0	0
Cluster_68	32.2221268999518	0.54177677789939	0.999632496788731	1	0.999824789569479	1
Cluster_69	33.4670119581234	0.515541494297264	0.895438548375301	1	0.682486583864461	1
Cluster_7	34.7553918798111	0.478872978155393	0.0438763267818115	1	0.00801422887749743	0.769365972239753
Cluster_70	30.8385811498047	0.584626138987218	0.999999999996014	1	0.999999999997336	1
Cluster_71	32.0914062580342	0.568276834395517	0.999999982833629	1	0.999753553789349	1
Cluster_72	33.3328609611086	0.510117022873342	0.793208316910545	1	0.790404126178494	1
Cluster_73	52.139345675603	0.0899502665436681	4.21102858571877e-241	5.26378573214846e-239	2.73218302150209e-321	3.41522877687762e-319
Cluster_74	34.6891109893961	0.482388386420018	0.0773279498397952	1	0.012209453529228	1
Cluster_75	33.4809948471152	0.508697873890526	0.75894591573928	1	0.673419744311658	1
Cluster_76	33.396858483166	0.513921657579504	0.869721223086647	1	0.742783036111454	1
Cluster_77	35.9961102991734	0.437384583471763	2.09359263689007e-07	2.32388782694798e-05	4.44938487343714e-08	5.02780490698397e-06
Cluster_78	33.6036921355105	0.509068893232439	0.768190196404082	1	0.564501107202362	1
Cluster_79	31.9299681294481	0.543483466872189	0.999779378684578	1	0.999994461104272	1
Cluster_8	33.5998337427818	0.51483655754763	0.884738290256611	1	0.565336963356025	1
Cluster_80	33.8318141903759	0.50913466484305	0.769808098416936	1	0.360714231519567	1
Cluster_81	33.1306369939592	0.526548963591197	0.984045390308917	1	0.891960274910422	1
Cluster_82	34.8791700704861	0.472514212570473	0.0131668441760666	1	0.00305342454732046	0.311449303826687
Cluster_83	31.9553984611125	0.544664826185871	0.999846649629699	1	0.999992968863966	1
Cluster_84	34.5415557630798	0.475726902781127	0.0249032214372784	1	0.0213346370349081	1
Cluster_85	57.5039690539323	0.0492663092513673	8.28332383372379e-291	1.06854877455037e-288	0	0
Cluster_86	33.9154579135044	0.499404682601385	0.480814135017145	1	0.291508943545477	1
Cluster_87	33.4343078005315	0.510695475756416	0.806302570829628	1	0.714240316506426	1
Cluster_88	32.9012394209934	0.529099721566848	0.99065569474333	1	0.964257676754067	1
Cluster_89	34.7742517884987	0.461053087808473	0.00082341560965327	0.0864586390135934	0.00360211749097052	0.360211749097052
Cluster_9	35.5135364949511	0.421147427908412	9.30188754966837e-11	1.05111329311253e-08	3.74368875677536e-07	4.1929314075884e-05
Cluster_90	34.7637102634416	0.47279753643157	0.0139617889478887	1	0.00604782118068918	0.58663865452685
Cluster_91	32.6395376095022	0.530250724752555	0.992751418855027	1	0.992802835197449	1
Cluster_92	33.1388433054877	0.516686594902532	0.911254695830552	1	0.894932841876724	1
Cluster_93	32.9605108439177	0.523979654648451	0.973682782226873	1	0.957296461717197	1
Cluster_94	33.5579958785953	0.512488173758477	0.843567291268533	1	0.60377880575937	1
Cluster_95	41.8619281642879	0.240657480002901	7.81774421746645e-98	9.45947050313441e-96	6.92651268095572e-99	8.38108034395642e-97
Cluster_96	30.2576100699271	0.609320849094628	1	1	1	1
Cluster_97	32.4953307228165	0.541868689509091	0.999642295397894	1	0.997224173699107	1
Cluster_98	31.9757230333099	0.562905486195551	0.999999814910815	1	0.999945595194989	1
Cluster_99	32.4577848904619	0.546374044836001	0.999910769504683	1	0.997506257727524	1
