Family	Mean	P_value_F	P_value_W	P_adjust_W	P_value_T	P_adjust_T
All_BS	55.8209812320054	0.0176006516448805	0	0	0	0
All_PM	24.7616101875984	0.499541285177271	0.500013592969285	1	0.5	1
Cluster_1	30.0533542875391	0.298768384430005	9.11225814983959e-60	1.04790968723155e-57	1.40551967913679e-45	1.61634763100731e-43
Cluster_10	28.1877226197737	0.366897654314533	2.75770982872308e-27	3.06105790988262e-25	3.09504523806598e-19	3.43550021425324e-17
Cluster_100	24.1764060323257	0.499814490329044	0.494019319439169	1	0.942980394060528	1
Cluster_101	47.5983422870742	0.0399115624805004	6.69241121686065e-303	8.70013458191884e-301	0	0
Cluster_102	22.9017460265274	0.552942773639413	0.999990594401449	1	0.999999572279115	1
Cluster_103	24.4178530529685	0.497558861375369	0.421804279261125	1	0.819680150962782	1
Cluster_104	21.8441931406069	0.581699302314992	0.999999999979786	1	1	1
Cluster_105	20.8699102806847	0.617000949472225	1	1	1	1
Cluster_106	24.167743355035	0.495335275001223	0.353094882468215	1	0.952073190300872	1
Cluster_107	24.0139376771222	0.527882103544753	0.987879352601907	1	0.971738860399506	1
Cluster_108	24.298233559209	0.492362904137034	0.268554885805186	1	0.898933282959487	1
Cluster_109	23.916809847729	0.51640158458988	0.907495458915452	1	0.987824596934432	1
Cluster_11	29.8960895560184	0.306057228047038	1.1492987863965e-55	1.31020061649201e-53	3.51345967474165e-42	4.00534402920548e-40
Cluster_110	22.9018556385526	0.549293292476234	0.999966063545027	1	0.999999857974675	1
Cluster_111	24.6195844689949	0.485427372120595	0.119461653161286	1	0.649377535793816	1
Cluster_112	21.0574790595348	0.617664568158783	1	1	1	1
Cluster_113	22.5360722918777	0.550261315668315	0.999975657541152	1	0.999999999922089	1
Cluster_114	23.2384327864326	0.531091420852299	0.994008477033663	1	0.999989531679598	1
Cluster_115	21.97014486309	0.588282365956614	0.999999999999514	1	0.999999999999985	1
Cluster_116	24.6577677091465	0.494479400837492	0.327746091646903	1	0.607760733046927	1
Cluster_117	25.2087020848328	0.440233000146721	6.82490674024676e-07	7.43914834686897e-05	0.0939859270254624	1
Cluster_118	22.7651846901807	0.549113685385717	0.999963928717839	1	0.999999994262639	1
Cluster_119	24.3142855693842	0.503089579247202	0.598583884717729	1	0.882473165593327	1
Cluster_12	22.8609178835071	0.558837765046942	0.999999007547434	1	0.999999714564843	1
Cluster_120	19.7645242629732	0.665368380045231	1	1	1	1
Cluster_121	32.4758327742977	0.245317988872793	1.98775325478839e-94	2.36542637319818e-92	3.33638252276252e-84	3.9702952020874e-82
Cluster_122	22.9552121542246	0.54336204236029	0.999771086362713	1	0.999999765528627	1
Cluster_123	19.5675409406639	0.671227112744346	1	1	1	1
Cluster_124	22.132429054332	0.588444265305813	0.999999999999558	1	0.999999999997453	1
Cluster_125	19.9668995264413	0.658044964171337	1	1	1	1
Cluster_126	25.9329202672459	0.454834297702547	0.000131093742032436	0.0137648429134058	0.00145779411370318	0.157441764279943
Cluster_127	21.9652597112108	0.567756564091062	0.999999978213804	1	1	1
Cluster_128	25.4093911421437	0.456858882793303	0.000244751657148129	0.0254541723434054	0.0422427681847029	1
Cluster_129	21.2515346484143	0.607577058187638	1	1	1	1
Cluster_13	23.5657763559161	0.512392889245667	0.841714042661701	1	0.999726646864559	1
Cluster_130	21.9910461355555	0.574215673543454	0.999999998999439	1	0.999999999999999	1
Cluster_131	22.8747152769955	0.535710611659114	0.998048777366371	1	0.99999995204608	1
Cluster_132	19.4109303021129	0.673907727489666	1	1	1	1
Cluster_133	22.0153078465698	0.575622174139615	0.999999999506139	1	0.999999999999998	1
Cluster_134	24.2917138043482	0.503130897310278	0.599874572190069	1	0.894056987566396	1
Cluster_14	31.2657000344785	0.271092871200635	1.05060637877531e-76	1.22920946316711e-74	1.8289935371231e-63	2.13992243843403e-61
Cluster_15	19.3625396937466	0.68301540910785	1	1	1	1
Cluster_16	20.0640913195125	0.651531888269212	1	1	1	1
Cluster_17	24.9187766490077	0.476725282101184	0.0299901179344822	1	0.339211119456813	1
Cluster_18	20.9287189230633	0.618675595865495	1	1	1	1
Cluster_19	46.7979660589408	0.047896910589398	1.45719464804957e-292	1.87978109598395e-290	0	0
Cluster_2	21.6156755037411	0.585086540261501	0.999999999996927	1	1	1
Cluster_20	52.0405928528877	0.0336168820546377	0	0	0	0
Cluster_21	37.734687755544	0.147735685820821	1.45360807327386e-178	1.77340184939411e-176	1.13583529579733e-198	1.38571906087274e-196
Cluster_22	21.8081152460435	0.570368877548439	0.999999993529355	1	1	1
Cluster_23	26.0671646763077	0.43468457453357	6.5142321309479e-08	7.16565534404269e-06	0.000257158226273245	0.028287404890057
Cluster_24	49.8683534101086	0.0373641774079577	3.08802771279976e-306	4.04531630376769e-304	0	0
Cluster_25	31.9678207819101	0.248532365535001	4.0849515014416e-92	4.82024277170109e-90	1.44065770828513e-78	1.69997609577645e-76
Cluster_26	42.0301747084764	0.0844136460913956	1.366752820924e-247	1.73577608257348e-245	0	0
Cluster_27	23.0957707870337	0.542749017220357	0.999724596427565	1	0.999996772397337	1
Cluster_28	24.5917053342458	0.484498980540036	0.105155647866516	1	0.678180021262714	1
Cluster_29	19.2778607296812	0.681636734962333	1	1	1	1
Cluster_3	24.7400858659135	0.488695715232536	0.180476110065261	1	0.522623570192951	1
Cluster_30	39.6306218219811	0.121780353176684	1.74904109380022e-205	2.16881095631227e-203	2.27611835531787e-241	2.82238676059416e-239
Cluster_31	21.266537797451	0.60718158529819	1	1	1	1
Cluster_32	21.6735035302849	0.597696981757654	0.999999999999999	1	1	1
Cluster_33	23.1140057784233	0.539093633476738	0.99920936402093	1	0.999996511729681	1
Cluster_34	22.4793072179945	0.553298614917339	0.999991737420796	1	0.999999999985193	1
Cluster_35	40.9680813832885	0.0975764004715318	2.62834778964212e-232	3.31171821494907e-230	8.82602890923805e-286	1.11207964256399e-283
Cluster_36	44.2799945159741	0.0653702351419402	1.42661824717108e-270	1.82607135637898e-268	0	0
Cluster_37	25.408092444688	0.459271351741514	0.000498321540969165	0.051327118719824	0.0424471393827593	1
Cluster_38	24.2582138526883	0.50668172105754	0.705394982022941	1	0.907467184467825	1
Cluster_39	23.3083090882747	0.530270118945428	0.992782856079835	1	0.999972645902478	1
Cluster_4	21.7631029862861	0.585060400262412	0.999999999996881	1	1	1
Cluster_40	22.8068177563845	0.547889321557404	0.99994561806276	1	0.999999974178494	1
Cluster_41	21.8666360885876	0.582898369369992	0.999999999989536	1	1	1
Cluster_42	26.0233832805373	0.446950979912676	9.04943026385448e-06	0.000977338468496284	0.00060452720917247	0.0658934657997992
Cluster_43	23.7268462375023	0.516924384571667	0.914303061006107	1	0.997751628150665	1
Cluster_44	19.5962434066672	0.672367997220728	1	1	1	1
Cluster_45	23.5612741607076	0.529457249296328	0.991357253065997	1	0.999297507409728	1
Cluster_46	21.9298168128849	0.58188734166328	0.999999999981758	1	1	1
Cluster_47	19.456456068066	0.679742849867023	1	1	1	1
Cluster_48	20.4931765349118	0.637692023590084	1	1	1	1
Cluster_49	20.0576467296506	0.657952209335859	1	1	1	1
Cluster_5	21.35356384119	0.600750302296441	1	1	1	1
Cluster_50	24.3543011172435	0.4959356517545	0.371282319712141	1	0.865118168686283	1
Cluster_51	25.1395898436702	0.468028251436435	0.00488611179636515	0.49349729143288	0.154808912780441	1
Cluster_52	20.5177642923611	0.636211319125541	1	1	1	1
Cluster_53	19.8996914635635	0.654557382357356	1	1	1	1
Cluster_54	19.4310325624515	0.684381434866711	1	1	1	1
Cluster_55	24.0481685935199	0.499054743903899	0.469554186556858	1	0.977145365786536	1
Cluster_56	53.7853936738394	0.028970708022956	0	0	0	0
Cluster_57	23.0471360612357	0.538899691548011	0.999165771507762	1	0.999999215678857	1
Cluster_58	34.4379027191204	0.230143297788556	9.65923105693057e-106	1.15910772683167e-103	5.23641596279677e-106	6.28369915535612e-104
Cluster_59	22.3660358859119	0.561220721092956	0.999999624200064	1	0.999999999998403	1
Cluster_6	21.2027349867304	0.607211941426165	1	1	1	1
Cluster_60	28.5598931749819	0.350928644548292	1.00381586658722e-33	1.12427377057769e-31	3.42259063083815e-24	3.83330150653873e-22
Cluster_61	39.0612316216017	0.130839127699798	7.16076392155883e-196	8.80773962351736e-194	4.42003582702636e-218	5.43664406724242e-216
Cluster_62	31.4084281582944	0.289521570558603	3.47688378538836e-65	4.0331851910505e-63	2.03048523006131e-58	2.35536286687112e-56
Cluster_63	22.0793029168274	0.591403144557568	0.999999999999925	1	0.999999999999414	1
Cluster_64	21.7076577436708	0.591585281325416	0.999999999999933	1	1	1
Cluster_65	22.8585035555739	0.552541398169526	0.999989124609165	1	0.999999922206973	1
Cluster_66	20.9933351498498	0.622930513136614	1	1	1	1
Cluster_67	52.8409627046615	0.0263474326304765	0	0	0	0
Cluster_68	23.4849342035138	0.527360146788743	0.986485595044269	1	0.999777398238042	1
Cluster_69	22.7061100756007	0.550605351785362	0.999978399261057	1	0.999999997645855	1
Cluster_7	22.2681992707883	0.573977883874319	0.999999998873985	1	0.99999999999698	1
Cluster_70	21.0665951535277	0.613345565728606	1	1	1	1
Cluster_71	21.8194241930186	0.584313302223924	0.999999999995246	1	1	1
Cluster_72	25.1058169878086	0.473709906722365	0.0168089389668655	1	0.182555130210919	1
Cluster_73	40.8556993061041	0.102010924833168	2.87266146286459e-227	3.59082682858074e-225	6.09152775912983e-279	7.61440969891229e-277
Cluster_74	24.2536064870007	0.505518912710954	0.67220468568467	1	0.911973830455544	1
Cluster_75	20.2967969566196	0.642820522766253	1	1	1	1
Cluster_76	23.5369746798821	0.523263755963714	0.969949570942587	1	0.999641871928791	1
Cluster_77	25.4027332767324	0.462471393565513	0.00121123058382882	0.12354551955054	0.043644138294167	1
Cluster_78	25.7912371816704	0.451544873946179	4.50365010078108e-05	0.00477386910682794	0.00356497418448909	0.377887263555844
Cluster_79	22.7179670716851	0.545692718408125	0.999889031995552	1	0.999999998335476	1
Cluster_8	21.9747284882533	0.591919198733138	0.999999999999945	1	0.999999999999951	1
Cluster_80	23.9047919970986	0.50743978103113	0.726161098431009	1	0.991085019421638	1
Cluster_81	24.085703140833	0.509792380949169	0.785635397868541	1	0.964069718010265	1
Cluster_82	22.7257066868071	0.554695840029951	0.999995070131067	1	0.999999992578024	1
Cluster_83	22.5470256696928	0.560837053364386	0.99999955953464	1	0.9999999993974	1
Cluster_84	24.7226527830261	0.496377502061687	0.384856238685744	1	0.540008887159376	1
Cluster_85	51.9002788732663	0.027210052600424	0	0	0	0
Cluster_86	23.4568418537225	0.526998402930378	0.985440335145219	1	0.999804550075535	1
Cluster_87	23.9817916414314	0.508907837109017	0.764201789754717	1	0.983205644531437	1
Cluster_88	19.1898537499309	0.688372422469606	1	1	1	1
Cluster_89	24.6461485623861	0.491894070604981	0.256208740674339	1	0.619283227901154	1
Cluster_9	28.5476122815453	0.33303455033299	8.56773380507287e-42	9.68153919973234e-40	1.92196670344841e-26	2.1718223748967e-24
Cluster_90	21.9116198444342	0.595015523786556	0.999999999999992	1	0.999999999999992	1
Cluster_91	23.9279739122277	0.517579571000454	0.922296170368345	1	0.98580756502212	1
Cluster_92	22.5612108285113	0.562379313310656	0.999999768645889	1	0.999999999426228	1
Cluster_93	19.8189717316244	0.661838636942396	1	1	1	1
Cluster_94	24.5086514082263	0.5010262057707	0.533047390236609	1	0.744004730710281	1
Cluster_95	35.5291923346406	0.167487406423019	2.34002710035509e-159	2.83143279142966e-157	2.40453943273065e-160	2.90949271360409e-158
Cluster_96	22.5592599081664	0.56063720885522	0.999999521734359	1	0.999999999185247	1
Cluster_97	24.1979117480671	0.509427264187695	0.776928614737577	1	0.926951268421637	1
Cluster_98	21.1810033601065	0.611962675454204	1	1	1	1
Cluster_99	25.804653743089	0.450428443017332	3.08635234567306e-05	0.00330239700987017	0.00315908388161217	0.338021975332502
